1 1 1 1 0 1 0.8838312712854408 2
1 1 1 1 1 1 0 0
1 1 1 1 0 1 0.7753722855051572 0
1 1 0 0 0 0 0.8634333015645533 0
1 1 1 1 0 1 1.0000000043203976 0
1 0 1 0 0 0 0.5085863758636088 2
1 1 1 1 0 1 0.7159244524357672 2
1 1 1 1 0 1 0.9999999428974361 0
1 1 0 1 0 1 0.2576709180731307 0
1 1 1 1 0 1 0.7676550360538353 2
1 1 0 1 0 1 0.7535482719347955 2
1 1 1 0 0 0 0.9999999654228184 0
1 1 1 1 0 1 1.0000000294722486 2
1 1 1 1 0 1 0.8530025824027831 0
1 1 0 1 0 1 0.8218078381538052 0
1 1 1 0 1 0 0 0
1 1 1 0 0 0 0 0
1 1 1 1 0 1 0.9999999386871362 0
1 1 1 1 0 1 1.0000000478672657 0
1 1 1 0 0 0 1.0000000610508815 0
1 1 1 1 1 1 0.8191352572941917 0
1 1 1 0 0 0 0.6832740886008253 0
1 1 1 1 0 1 1.000000057380921 0
1 1 1 1 0 1 0.7977557501570685 0
1 1 1 1 1 1 0.9999999044782447 0
1 0 1 1 0 1 0.6385471453598006 1
1 1 0 0 0 0 0.7727460620655592 0
1 1 1 0 0 0 0.9999999895551548 0
1 1 1 1 0 1 0.8622480021187915 0
1 1 1 1 0 1 0.8687021523559759 0
1 1 1 1 0 1 0.8602177446463855 0
1 1 0 0 0 0 0.8432395314271546 0
1 1 1 0 0 0 0 0
1 1 1 1 0 1 0.8354434924147914 0
1 1 0 1 0 1 0.8178989236488622 0
1 1 1 0 0 0 0.8143284342614886 0
1 1 1 0 0 0 0.7709654529075378 0
1 1 1 1 0 1 1.0000000939757718 0
1 1 1 1 0 1 0.9999999805791276 2
1 1 1 0 0 0 0 1
1 1 1 1 0 1 0.7549387188892129 0
1 1 1 0 0 0 0.6965389950064398 0
1 1 1 1 0 1 0.9999999735473081 0
1 1 1 1 0 1 0.7859204123995961 1
1 1 0 1 0 1 0 2
1 1 1 0 0 0 0.7765244678513367 2
1 1 1 1 0 1 0.4118488813933935 0
1 1 1 1 0 1 0.713201655514797 2
1 1 1 1 0 1 0.8238479340724313 2
1 1 1 0 0 0 0.8261763203671485 0
1 1 0 1 0 1 1.000000015681075 0
1 1 1 1 0 1 0 0
1 1 1 0 0 0 0.8219935920675672 0
1 1 1 1 1 1 0 0
1 1 1 1 0 1 0.270578714224794 0
1 1 1 0 0 0 0.778116321396685 0
1 1 1 0 0 0 0.6965410776463015 0
1 1 1 1 0 1 0.8362809293189931 0
1 1 1 0 0 0 0.9206744293679613 0
1 1 1 1 0 1 0.6595942851103423 0
1 1 1 1 0 1 0.7626063203183628 0
1 1 1 1 0 1 0.9999999574044324 0
1 1 1 1 0 1 0.8389981904874771 0
1 1 1 0 0 0 0.7589535197199863 0
1 1 1 0 1 0 0.8319595689804679 0
1 1 1 1 0 1 0.8246674903534773 0
1 1 1 1 0 1 1.000000058227331 2
1 1 1 0 1 0 0.8687449626806684 0
1 1 1 1 0 1 0.8392126754663805 0
1 1 1 0 0 0 0.999999988330968 0
1 1 0 0 0 0 0.9085022662444715 2
1 1 1 0 0 0 0.9999999913200773 0
1 1 1 1 0 1 0.7157918673345675 0
1 1 1 1 0 1 0.9999999868742951 0
1 1 0 1 1 1 0.8265522241675949 2
1 1 1 1 0 1 0.7712551154376297 2
1 1 1 1 0 1 0.8872705719643779 0
1 1 0 0 0 0 0.9999999926576145 0
1 1 1 1 0 1 0.9999999966978398 0
1 1 1 1 0 1 1.0000001347995906 0
1 1 1 0 0 0 0.8426979284283619 0
1 1 1 0 0 0 0.8025279226590917 0
1 1 1 1 0 1 0.24089132331394142 0
1 1 1 0 0 0 0.8185249766400723 0
1 1 1 1 0 1 0.9999999371194866 0
1 1 0 1 0 1 0.8284766464929749 0
1 1 1 1 0 1 0.8194439254816748 0
1 0 1 0 0 0 0.5818303034239551 1
1 1 1 0 0 0 0.3690356470285542 0
1 1 1 1 0 1 0.9999999718089485 0
1 1 1 0 0 0 0.44550934601000153 0
1 0 1 0 0 0 0.4842177600158231 2
1 1 0 1 0 1 1.000000045951048 0
1 0 1 1 0 1 0.38169140837568344 2
1 1 1 0 1 0 0.767543128197247 0
1 1 1 0 0 0 1.0000000676759588 0
1 1 1 1 0 1 0.8507060680964222 0
1 0 1 0 0 0 0.5379075552211666 0
1 1 1 1 0 1 0.8242784245717266 0
1 1 0 1 0 1 1.0000000616270663 0
1 1 1 1 0 1 1.0000000018215558 0
1 1 1 0 0 0 0.8448243637408903 0
1 1 1 1 0 1 0.7571096435534789 0
1 1 1 1 0 1 0.8081862525209651 0
1 1 1 0 0 0 0.7285925343548402 0
1 0 1 0 0 0 0.40964993622283213 2
1 1 1 1 0 1 0.7647238381685671 0
1 1 1 1 0 1 0.9999999868742951 0
1 1 0 1 0 1 1.000000057553951 0
1 1 1 0 0 0 0.9999999913328872 0
1 0 1 1 0 1 0.5513754449317372 2
1 1 1 1 0 1 0.7516194644217472 0
1 1 1 1 0 1 0 0
1 1 0 1 0 1 0.8773907027642806 0
1 1 1 1 0 1 0.9999999858307751 0
1 1 0 0 0 0 0.8713656232978755 1
1 1 0 1 0 1 0.9999999277293252 0
1 0 1 1 0 1 0.5379075552211666 2
1 1 1 1 0 1 0.836199949431894 0
1 1 1 1 0 1 0.9999999645738413 0
1 1 1 1 0 1 0.8099931011072672 0
1 1 0 1 1 1 0.9999999829291142 0
1 1 1 0 0 0 0.4114737894979514 0
1 1 1 1 0 1 0.3812174263623346 0
1 1 1 1 0 1 0.851064543462598 0
1 1 1 1 0 1 0.8566139386684483 1
1 1 1 1 0 1 1.000000057553951 0
1 1 1 1 0 1 1.0000000125077664 0
1 1 1 1 0 1 0.7825723537653962 0
1 1 1 1 0 1 0 2
1 1 1 0 0 0 0 0
1 1 1 1 0 1 0 0
1 1 1 1 0 1 0.8343356109068345 2
1 1 1 1 0 1 0.8152696914800961 1
1 1 1 1 0 1 0.4975444440002949 2
1 1 1 0 0 0 1.000000029155462 0
1 1 1 1 1 1 0 0
1 1 0 1 0 1 0.6759268382369199 2
1 1 1 1 0 1 1.0000000698150733 2
1 1 0 1 0 1 0.8666861460707928 2
1 1 1 0 1 0 0.9999999907578258 0
1 1 1 0 0 0 0 0
1 1 0 1 1 1 0.7711590176504106 0
1 1 1 1 0 1 1.0000000006376315 0
1 1 0 0 0 0 0.8323553086786081 0
1 1 1 1 0 1 0.8170344658957331 0
1 1 1 1 0 1 0.782825549454272 2
1 1 1 1 1 1 0.7559088862927658 0
1 1 1 0 0 0 0.9999999828454351 0
1 1 0 0 0 0 1.0000000103064781 0
1 1 1 0 0 0 0.7397886630088263 0
1 1 0 0 1 0 0.826170404711322 2
1 1 1 1 0 1 0 0
1 1 1 0 1 0 0.9999998543540751 0
1 1 0 1 0 1 0.6416616925769605 0
1 1 0 1 0 1 0.999999992565574 2
1 1 1 0 0 0 0.8708693865208106 0
1 1 1 0 0 0 0.7496711393865112 0
1 1 1 1 1 1 0.870983875774371 0
1 1 1 0 0 0 0.9999998981597966 0
1 1 1 1 0 1 0.12090134022057702 0
1 1 1 1 0 1 0 0
1 1 0 0 0 0 0.7271628721391169 2
1 0 1 1 0 1 0.5085863758636088 1
1 1 1 1 0 1 0.8459350371383529 0
1 1 0 1 0 1 0.8268067446562574 0
1 1 1 1 0 1 1.0000000549024137 0
1 1 1 1 0 1 0.8734960936382985 0
1 1 1 0 0 0 0.8864025954397391 0
1 1 1 0 0 0 0.8343051102372472 0
1 1 1 1 0 1 0.9999999694375772 0
1 0 1 1 0 1 0.5085863758636088 2
1 1 0 0 0 0 0.9999999883436064 0
1 1 1 0 0 0 0 0
1 1 1 0 1 0 1.0000000343560624 0
1 1 0 0 0 0 0.3001344062889637 1
1 1 1 1 1 1 0.7498551716626948 0
1 1 1 1 0 1 0.8943353042386534 0
1 1 1 0 0 0 0.7218410072532986 0
1 1 1 1 0 1 0.9999999834946509 0
1 1 1 1 0 1 0 2
1 1 1 0 0 0 0.6106585053124541 0
1 1 1 0 0 0 0 0
1 1 0 1 0 1 1.0000000393755197 0
1 1 0 1 0 1 0.7629445262852206 0
1 1 1 1 0 1 0.8524591322208565 0
1 1 1 0 0 0 0.5143020617460602 0
1 1 1 1 0 1 0.3526442937510984 0
1 1 0 0 0 0 0.656566695698258 0
1 0 1 1 0 1 0.40964993622283213 0
1 1 1 1 0 1 1.000000046023765 0
1 1 1 0 0 0 0.8804056320650233 0
1 1 0 0 0 0 1.0000000405554765 0
1 1 1 1 0 1 0.4556362548623847 0
1 1 1 0 0 0 0.813526650292609 0
1 1 1 1 0 1 0.8544928052614481 0
1 1 1 0 0 0 0.7598132695785442 0
1 1 1 0 1 0 0.8170949946627812 2
1 1 1 0 0 0 0.7320127173184214 0
1 1 1 1 0 1 0.7953713865761197 0
1 1 1 1 0 1 0.735730642121746 0
1 1 1 0 0 0 0.8573020687366961 0
1 1 0 0 1 0 0.8309080940050722 0
1 1 0 1 0 1 0.9999999047844237 1
1 1 1 1 0 1 0.9135189153403052 2
1 1 1 1 0 1 0.790239017100054 0
1 1 1 0 0 0 0.8546012900659025 0
1 1 1 1 0 1 0 0
1 1 1 0 0 0 0.9999999993616545 0
1 1 1 1 0 1 0.9999999734479124 0
1 1 1 0 1 0 1.0000001117185222 0
1 1 1 1 0 1 0.8379657430796225 2
1 1 1 0 0 0 0 0
1 1 1 1 0 1 0.7498674624197254 0
1 1 0 1 0 1 0.8673420052014044 0
1 1 1 1 0 1 0.9999999676764537 0
1 1 1 1 1 1 0.8202713669173276 0
1 1 1 1 0 1 0.8641265750800241 0
1 1 1 0 0 0 0.8881313565393656 0
1 1 1 0 0 0 0.8629748060968693 0
1 1 0 0 0 0 0.7439476133733752 1
1 1 1 0 1 0 0.8127135392697191 0
1 1 0 1 0 1 0.8615613716351342 0
1 1 1 1 0 1 0.8479717146083571 0
1 0 1 1 0 1 0.5085863758636088 2
1 1 1 1 0 1 0.7627882571944299 0
1 0 1 1 0 1 0.5513754449317372 1
1 1 1 1 0 1 0.9999999926966204 0
1 0 1 1 0 1 0.5085863758636088 0
1 1 1 0 0 0 0.2977357235860194 0
1 0 1 1 0 1 0.4529322896140865 1
1 1 1 0 0 0 0.999999973612954 0
1 0 1 1 0 1 0.5818303034239551 1
1 1 1 1 0 1 0.8892083998874727 2
1 1 1 0 0 0 0 2
1 0 0 0 0 0 0.5818303034239551 1
1 1 1 0 0 0 0.7700910933176744 0
1 1 0 1 1 1 0 0
1 1 1 1 1 1 0 0
1 1 1 1 0 1 0.8125586565405325 0
1 1 1 1 0 1 0.8357073575347992 2
1 1 1 1 1 1 0.8247786723801744 1
1 1 1 1 0 1 0.9999999657129307 0
1 1 1 0 0 0 1.0000000152693016 0
1 1 1 0 0 0 0.8203285794786944 0
1 1 0 0 0 0 0.8595554723550362 0
1 1 1 0 0 0 1.0000000043303503 0
1 1 1 1 0 1 0.8405779223543133 0
1 1 1 0 0 0 0.9999999639789326 0
1 1 1 0 0 0 0.8172135464118969 0
1 1 1 0 0 0 0.8346330600075859 0
1 1 1 1 0 1 0 0
1 1 1 0 0 0 0.4707699288962363 0
1 0 1 1 0 1 0.3470182038045212 0
1 1 1 1 0 1 0.8792630533196868 0
1 1 1 1 0 1 0.8348713459569446 2
1 0 1 1 0 1 0.5379075552211666 0
1 1 1 1 0 1 0.8625231660390573 0
1 1 1 0 1 0 0.8445976959644665 0
1 1 1 1 0 1 0.6518177065686735 2
1 1 0 0 0 0 0.7990454243253483 0
1 1 1 1 0 1 0 0
1 1 1 0 1 0 0.8766648847878772 0
1 1 1 1 0 1 0.7944316480224289 0
1 1 1 1 0 1 0.7802365442163713 0
1 1 1 1 0 1 0.8890689185780016 0
1 1 1 0 0 0 0.7713018708370923 0
1 1 1 1 0 1 0.7614735968491021 0
1 1 0 1 0 1 0 1
1 1 1 0 0 0 0 0
1 1 0 1 0 1 0.7234236063265079 0
1 1 1 1 0 1 0 0
1 0 1 0 0 0 0.5818303034239551 1
1 1 1 1 0 1 0.8329862808162272 0
1 1 1 1 0 1 1.000000060285266 0
1 0 1 1 0 1 0.5085863758636088 0
1 1 1 0 1 0 0.8269793253249319 0
1 1 0 1 0 1 0.8252133772054603 0
1 1 1 0 0 0 0.8990026163208233 0
1 1 1 0 0 0 0 0
1 1 1 1 0 1 0.8473507727605953 0
1 1 1 0 0 0 0.999999968375103 0
1 1 1 0 0 0 0.7862188048274514 0
1 1 1 0 0 0 0.8275989431209277 1
1 1 1 0 0 0 0.7685989428545636 0
1 1 1 0 0 0 0 0
1 1 1 1 0 1 0.8597220431903423 0
1 0 1 1 0 1 0.5818303034239551 2
1 1 0 1 0 1 0.9301494480080484 2
1 0 1 1 0 1 0.40964993622283213 0
1 1 1 1 0 1 1.000000014454266 0
1 1 1 1 0 1 0.8301429378841348 0
1 1 1 0 0 0 0.6878108977300563 0
1 1 1 0 0 0 0.8926365995463733 0
1 1 1 1 0 1 0.7929650124265235 0
1 0 1 1 0 1 0.5282649958609587 0
1 1 1 1 0 1 0.8263904833662185 0
1 1 1 1 0 1 0.8721960637672249 2
1 1 1 1 1 1 0.9999999838818262 0
1 1 1 1 1 1 1.000000065931558 0
1 1 1 1 0 1 0.8196532721472187 0
1 1 1 0 0 0 0.7511028083813601 0
1 1 1 1 0 1 0.7676885059472565 0
1 1 1 0 0 0 0.9999999620194487 0
1 1 1 1 0 1 0.8264338610372751 2
1 1 0 0 0 0 0.9999999398742875 1
1 1 1 1 0 1 0.8408674858306481 0
1 1 1 0 0 0 0.903075157153637 0
1 1 1 0 0 0 0.8961885255741318 0
1 1 1 1 0 1 0.9999999822778286 0
1 1 1 1 0 1 0.731405525508075 0
1 1 0 0 0 0 0.9999999670492203 0
1 1 1 1 0 1 0 0
1 1 1 1 0 1 0.8443897542168317 1
1 1 1 0 0 0 0 0
1 1 1 1 0 1 0.9999999971229893 0
1 1 1 0 0 0 0.7752981611934758 0
1 1 1 1 1 1 0 0
1 1 1 1 0 1 0.43400681181768636 0
1 1 1 1 0 1 0 0
1 1 1 1 0 1 0.8725936362769043 0
1 1 1 0 0 0 0.8257691381288133 0
1 1 1 1 0 1 0.8360211817124066 0
1 1 1 1 0 1 0.7160916343159074 0
1 1 1 0 0 0 0.283241875678333 0
1 1 1 0 0 0 0.8287226523956542 0
1 1 1 1 0 1 0.8903775589234778 2
1 0 1 1 0 1 0.5085863758636088 0
1 0 1 0 0 0 0.5242169817825768 2
1 1 1 1 0 1 0.8849371484380464 0
1 1 1 0 1 0 0.8140121211028414 0
1 1 1 0 0 0 0.8562096025662432 0
1 1 1 1 0 1 0.7555999774132165 0
1 1 1 1 0 1 0.7627586376088095 2
1 0 1 0 0 0 0.4529322896140865 2
1 1 1 1 0 1 0.8298818644841944 0
1 1 1 0 0 0 0.8543588230733885 2
1 1 1 0 0 0 0.8290313165501866 0
1 1 1 1 0 1 0.8735995895800222 0
1 1 1 0 0 0 1.0000000064938428 2
1 1 1 1 0 1 1.000000072434779 0
1 1 1 1 0 1 0.7850448028255657 0
1 1 1 0 1 0 0 0
1 0 0 1 0 1 0.6625261670992277 0
1 1 0 1 0 1 0.6366735668380207 2
1 1 1 0 0 0 0.7893908023573295 0
1 1 1 1 0 1 0.9999999694092687 2
1 1 1 1 0 1 0.8854325617484603 2
1 1 1 0 0 0 1.0000000020175006 0
1 1 1 0 0 0 0.9999999277427596 0
1 1 1 1 0 1 0.7859039763340819 0
1 0 0 1 0 1 0.5513754449317372 2
1 1 1 1 0 1 0.8756555923272463 2
1 1 0 1 0 1 0.7060161749050743 0
1 0 1 1 0 1 0.6446923563180588 2
1 1 1 1 0 1 0.7899840330211151 0
1 1 1 0 0 0 0 2
1 1 1 1 0 1 1.0000000528832798 2
1 1 1 0 1 0 0.9999998892961858 0
1 1 1 1 0 1 0.7498757473930833 0
1 1 1 1 1 1 0.9999999858153077 0
1 1 0 0 0 0 0.999999941509463 0
1 1 1 1 0 1 0.8047873230536475 2
1 1 1 0 0 0 1.0000000009144336 0
1 0 1 0 0 0 0.5719645730397062 2
1 1 1 1 0 1 0.8561630559231946 0
1 1 0 0 0 0 0.9999999511902985 0
1 1 1 0 0 0 0.8320757699545859 0
1 1 1 1 0 1 1.000000044754965 0
1 1 1 0 1 0 1.000000041038298 0
1 1 1 1 1 1 0.8365186101258655 0
1 1 0 0 0 0 0.9022305111726928 0
1 1 1 1 0 1 0.7597445991572962 2
1 1 0 0 0 0 0 2
1 1 0 1 1 1 1.000000031474223 0
1 1 1 0 0 0 0 0
1 1 0 1 0 1 0.6829537736523444 0
1 1 1 1 0 1 0.8691235881834256 2
1 1 1 1 0 1 0.7542396570980253 0
1 1 1 1 0 1 1.0000000580540827 2
1 1 0 1 0 1 0.8198325204186179 0
1 1 1 0 0 0 0.8179340890523087 0
1 1 1 0 0 0 0.8541105342675729 0
1 1 0 1 1 1 0.8361788590614325 0
1 1 1 1 0 1 0.7969513356122814 0
1 1 0 1 0 1 0.8570975988540099 0
1 1 1 1 0 1 0.5456021213575614 1
1 1 1 1 1 1 0.9999999512549675 0
1 1 1 0 0 0 0.8391247606396502 0
1 1 1 0 0 0 0.9999999204618847 0
1 1 1 1 1 1 0.9222447683744808 2
1 1 0 1 0 1 0.8479046878916996 0
1 1 1 1 0 1 0.8140658462524828 0
1 1 1 0 0 0 0 0
1 1 1 1 0 1 0.7234237155178885 0
1 1 1 1 0 1 0.9999999364257482 2
1 1 1 1 0 1 0.9999999727320749 2
1 0 1 1 0 1 0.509252927647154 0
1 1 1 1 0 1 0.7610489096127679 2
1 0 1 0 0 0 0.5818303034239551 1
1 1 0 1 0 1 1.0000000813615557 0
1 1 1 1 0 1 0.8645288343301952 0
1 1 1 0 0 0 0.9999999868742951 0
1 1 1 1 0 1 0.999999945074557 0
1 0 1 0 0 0 0.40964993622283213 0
1 1 0 1 0 1 0.814763105106696 0
1 1 1 1 1 1 0.9999999417994438 0
1 0 1 0 0 0 0.4842177600158231 0
1 1 0 0 0 0 0.7313665545820677 0
1 1 0 1 0 1 0.7872844805399195 0
1 1 1 1 0 1 0.7006360506211076 0
1 1 1 0 1 0 0 0
1 1 1 1 0 1 0.8993637310106138 0
1 1 0 1 0 1 0.7532201476871815 0
1 1 0 1 0 1 0.9132191160291591 0
1 1 0 1 0 1 0.8469556451950773 0
1 1 1 1 0 1 0.9999999520326743 0
1 1 0 1 0 1 0.8487728388826805 0
1 1 1 0 0 0 0 0
1 1 0 0 0 0 0.768657043983923 0
1 1 1 0 0 0 0.7539228124772211 0
1 1 1 1 0 1 0.851140283451702 0
1 1 1 0 0 0 1.0000000073642088 0
1 1 1 1 0 1 0.8323647998421851 0
1 1 0 0 0 0 0.6143707707966948 0
1 1 1 1 0 1 0 0
1 1 1 1 1 1 0.9999999672551614 0
1 1 1 0 0 0 0.8100470031375117 0
1 1 1 1 0 1 0.9232891252666829 0
1 1 1 0 0 0 0.9999999829291142 0
1 1 1 0 0 0 0.9999999893611735 0
1 1 1 1 0 1 0.8168799177837259 0
1 1 1 0 0 0 0.8772187433108609 0
1 1 1 1 0 1 0.7091468901650577 0
1 1 1 0 0 0 0.8492740710070272 2
1 1 0 1 0 1 0.8368458220021127 2
1 1 1 1 0 1 0.999999992565574 0
1 1 1 1 0 1 1.0000000130856805 0
1 1 1 1 1 1 0.8534593781320372 0
1 1 1 0 0 0 0.3894144305798461 0
1 1 1 0 0 0 0.8599113808540305 0
1 1 0 1 0 1 0.3117960854024392 0
1 0 1 1 0 1 0.5552919391751697 1
1 1 1 0 0 0 1.0000000496520531 0
1 1 1 1 1 1 1.0000000070750001 0
1 1 1 1 0 1 0.889956613979302 0
1 1 1 0 0 0 0.9999999562084048 0
1 1 1 1 0 1 0.8681538316218766 2
1 1 1 0 0 0 1.0000000168461651 0
1 1 1 1 0 1 0.8871371090425894 0
1 1 1 1 0 1 0.715053310013013 0
1 1 1 1 0 1 0 0
1 1 1 0 0 0 0.7313747996963523 2
1 1 1 1 0 1 0.756266868736606 2
1 1 1 1 0 1 0.8372952989202698 2
1 1 1 1 0 1 1.0000000434978136 0
1 1 1 1 0 1 0.7551236865219869 0
1 1 1 1 0 1 0.9328069433157616 2
1 1 1 0 0 0 0.7530837682532194 0
1 1 1 1 0 1 0.9999999679013113 2
1 1 1 1 0 1 0.81696563606269 0
1 1 1 0 1 0 0.8595669355084005 2
1 1 1 1 0 1 1.0000000431078737 0
1 1 1 1 0 1 1.0000000391964963 2
1 1 1 1 0 1 0.7780360497540698 2
1 1 0 0 1 0 0.8843413597666036 0
1 0 1 0 0 0 0.5085863758636088 0
1 1 1 0 0 0 0.8356967825661755 0
1 1 1 0 0 0 0.5864765124360376 0
1 1 1 0 0 0 0.7046685412316318 0
1 1 0 1 0 1 0.7715700372028511 0
1 1 1 1 0 1 0.8392681914077764 0
1 1 1 0 0 0 1.000000017183451 0
1 1 1 1 1 1 0.8057881586986135 0
1 1 1 1 0 1 0.9999999998947268 0
1 1 1 1 0 1 0.6776362389030414 2
1 1 1 1 0 1 0.8528894011724603 2
1 1 1 1 0 1 0.19161355513243306 0
1 1 0 1 0 1 1.0000000442032628 0
1 1 1 1 1 1 0.8010247837252568 0
1 1 1 0 0 0 0 0
1 1 1 1 0 1 0.8676237921541703 2
1 1 1 0 0 0 0.9999999448721114 0
1 1 1 0 0 0 0 0
1 0 1 1 0 1 0.5818303034239551 1
1 1 1 0 0 0 0.8159691017979943 0
1 1 1 0 0 0 0.41897897037638515 0
1 0 1 1 0 1 0.5131234185123187 0
1 1 1 0 0 0 0 0
1 1 1 1 0 1 0.999999992624624 0
1 1 1 0 0 0 1.0000001004879018 0
1 1 1 1 0 1 0.8502328005288816 0
1 0 1 0 0 0 0.5639381975973877 1
1 0 1 0 0 0 0.5818303034239551 1
1 1 1 0 0 0 0.2184976920231643 0
1 1 1 1 0 1 1.0000000124393447 0
1 1 1 0 0 0 0.7129226070252221 0
1 1 1 0 1 0 0.7487150721657443 2
1 1 0 0 0 0 1.0000000616270663 2
1 1 1 1 0 1 0.8191756420448383 0
1 1 0 1 0 1 0.7435278802856734 0
1 1 1 0 0 0 0 0
1 1 0 0 0 0 0.8725711070753112 0
1 1 1 0 0 0 0.999999969221405 0
1 1 1 0 0 0 0.7773091131363071 0
1 0 1 0 0 0 0.4842177600158231 1
1 1 1 1 0 1 1.0000000062291168 0
1 1 1 0 1 0 0.7760848201778842 0
1 0 1 1 0 1 0.6385471453598006 2
1 1 1 0 0 0 0.7450860731676263 1
1 1 1 1 1 1 0.722963441649842 0
1 1 1 1 0 1 1.000000063815454 0
1 1 1 0 0 0 0.748535543039763 0
1 1 1 1 0 1 0.99999990343557 0
1 1 1 1 0 1 0.9999999907762565 0
1 1 1 1 0 1 0.7362961131976364 2
1 1 1 1 0 1 0.8759621533269254 0
1 1 1 1 0 1 1.00000002676521 0
1 1 1 1 0 1 1.0000000260278912 0
1 1 1 1 0 1 1.0000000121156047 0
1 1 1 0 0 0 0 0
1 1 1 1 0 1 0.9999999972806042 0
1 1 1 1 0 1 0.9257009435413336 0
1 1 1 1 0 1 0 2
1 1 1 0 0 0 0.9999999922878894 0
1 1 0 1 0 1 0 0
1 1 1 1 0 1 0.9999999859953274 0
1 1 1 1 0 1 1.0000000767733608 0
1 1 0 0 0 0 0.8167114482058305 0
1 1 1 0 0 0 0.9999999673038134 0
1 1 1 0 0 0 1.0000000090090182 0
1 1 1 0 0 0 1.0000000288392903 0
1 1 1 1 0 1 0.9172957099774448 0
1 1 1 1 0 1 0.8253690220156421 0
1 1 1 1 0 1 0.9999999730388627 0
1 1 1 0 0 0 0.8749072657931348 0
1 1 1 0 0 0 0 0
1 1 1 0 0 0 0.8409197123210119 0
1 1 1 1 0 1 0.677527950403777 0
1 1 1 0 0 0 0.2533494389739182 0
1 1 1 1 0 1 1.000000039920186 0
1 0 1 0 0 0 0.5818303034239551 1
1 1 1 1 0 1 0.8396526530912284 0
1 1 1 0 0 0 0.7600661114348558 0
1 1 1 1 0 1 0.6740581453227095 0
1 1 1 1 0 1 0.9173497530589424 0
1 1 1 1 0 1 0.871893967199526 0
1 1 1 1 0 1 1.0000000394014381 0
1 1 1 1 1 1 0.9270576444164117 0
1 1 0 1 1 1 1.000000041380437 0
1 1 1 1 0 1 0.8770743581791436 0
1 1 1 1 0 1 0.7702065264320842 2
1 1 1 1 0 1 1.0000000058329266 0
1 1 1 1 0 1 1.0000000393755197 0
1 1 1 0 0 0 0.390641602931444 0
1 0 1 1 0 1 0.5205556317438683 1
1 1 1 0 0 0 0.6637384352954598 0
1 1 1 1 0 1 0.7617433297211313 0
1 1 1 0 0 0 0.8488841157326921 0
1 1 1 0 0 0 0.863766092697016 0
1 1 0 1 0 1 0.6966263982883555 0
1 1 1 1 0 1 1.000000022426326 0
1 1 1 1 0 1 0.8443246649184108 0
1 1 1 0 0 0 0.8013674704585307 0
1 1 1 1 0 1 0.7958689270580782 0
1 1 1 1 0 1 0.8192562767642481 2
1 1 1 1 0 1 0 0
1 1 1 1 0 1 0.8946508533799724 0
1 0 1 0 0 0 0.4529322896140865 1
1 1 1 1 1 1 0.7933130060471596 0
1 1 1 1 0 1 0.9999999617417447 0
1 1 0 1 0 1 0.9256696071461736 0
1 1 1 1 0 1 0 0
1 1 0 1 0 1 0.904654281743643 0
1 1 1 1 0 1 0.8675579448471559 2
1 1 1 0 0 0 0.8120821827460872 0
1 1 1 1 0 1 0.7548078052967042 0
1 1 1 1 0 1 1.0000000666159188 0
1 1 1 0 0 0 0.5189287096261583 0
1 1 1 1 1 1 0 2
1 1 1 0 1 0 0 0
1 1 1 1 0 1 0.9999999350652353 0
1 1 1 1 0 1 0.8190704583976429 0
1 1 1 0 0 0 1.0000000030196396 0
1 1 1 0 0 0 0.8268697258468323 0
1 1 1 1 0 1 0.8530302363318555 0
1 1 1 1 0 1 0.797411946366145 0
1 1 1 1 0 1 0.7307906900931067 0
1 1 0 0 0 0 0.8356035345977268 0
1 1 1 1 0 1 1.000000011405425 0
1 1 1 1 0 1 0.7711238941251454 0
1 1 1 1 0 1 0.9999999784814338 0
1 1 1 1 0 1 0.9999999906660841 0
1 1 1 0 1 0 0.8878698570612626 0
1 1 1 0 0 0 0.8928061573499375 0
1 1 1 0 0 0 1.000000113738531 0
1 1 1 1 0 1 0.8395098299170841 0
1 1 0 0 0 0 0.8202077690201725 2
1 1 1 1 0 1 0.8466920321327385 2
1 1 1 1 0 1 1.0000000090090182 0
1 1 1 1 0 1 0.7594392134603913 0
1 1 1 1 0 1 0 0
1 1 1 1 0 1 0.816372655824621 0
1 1 1 1 0 1 0.848163066843717 2
1 1 1 1 0 1 0.8343875686409946 0
1 1 1 1 0 1 0.8322249187692761 0
1 1 1 0 0 0 0.8128426146491137 0
1 1 1 0 0 0 1.0000000457962783 0
1 1 1 1 0 1 0.646507435384207 0
1 1 1 1 0 1 0.48568344979408884 1
1 1 1 1 0 1 0.8713401950281602 0
1 1 1 1 0 1 0.7680071800054442 0
1 1 1 1 1 1 0.7998244473016013 0
1 1 1 1 0 1 0.8263339967007389 0
1 1 1 1 0 1 0.5942216952164593 0
1 1 0 0 0 0 0.7971115287105494 0
1 1 1 1 0 1 0.8080277897640901 0
1 1 1 1 0 1 0.49559439588122217 1
1 1 1 1 0 1 1.0000000206252533 2
1 1 1 0 0 0 1.0000000392625565 0
1 1 1 1 0 1 0.8546476153673479 0
1 1 1 0 1 0 0.9999999829291142 0
1 1 0 0 0 0 0.8298707460003939 1
1 1 1 1 0 1 0.7780968345664044 0
1 0 1 1 0 1 0.5818303034239551 2
1 1 1 0 1 0 0 1
1 1 1 1 0 1 0.888713038112395 2
1 1 1 0 0 0 0.7109703734140743 0
1 1 0 1 0 1 0.9999999219313235 0
1 1 1 1 0 1 1.0000000254390544 2
1 1 1 1 0 1 0.8480497954289299 0
1 1 1 1 0 1 0.9999999649410146 0
1 1 1 1 0 1 0.9999999696916134 0
1 1 1 1 1 1 0.8984374767886926 2
1 1 1 1 0 1 0.8777008228906298 0
1 1 1 1 0 1 0.8031433522795527 2
1 1 0 0 0 0 0.9999999604866605 0
1 1 1 1 0 1 0.9999999898810904 2
1 1 1 1 0 1 0.8561936126898297 0
1 1 1 1 0 1 0.8333598984093816 0
1 1 1 1 0 1 0.8410104620498954 0
1 1 1 1 0 1 0.8025026521711945 1
1 1 0 1 0 1 0.7841137830829971 0
1 1 1 0 0 0 0.9999999637542827 0
1 0 1 1 0 1 0.5749937189419034 1
1 1 1 0 0 0 1.0000000295635343 0
1 1 1 1 0 1 0.8773276473417625 2
1 1 1 0 0 0 0.8810234819662661 0
1 1 1 1 0 1 0.7578391528804246 0
1 1 1 0 0 0 0.99999994890797 0
1 1 1 1 0 1 0.7125027655352876 0
1 1 1 1 1 1 0.6821818160380206 0
1 1 1 0 0 0 0.6131603687212535 1
1 1 1 1 1 1 0.7390142750322013 0
1 1 1 1 0 1 0 2
1 1 0 0 0 0 0 0
1 1 1 1 0 1 0.8613411718099471 0
1 1 1 1 1 1 0.7770451893237348 0
1 1 0 0 0 0 0.7285264298164874 1
1 1 1 1 0 1 0.8234764599028767 0
1 1 1 0 1 0 0.914687857436145 2
1 1 1 1 0 1 0.9999999750030693 0
1 1 1 0 0 0 0.909750940845651 0
1 1 1 1 0 1 0 0
1 0 1 1 0 1 0.5643310353144685 2
1 1 1 1 0 1 0.8264660276803485 0
1 1 1 1 1 1 0.708013353123298 0
1 1 0 1 0 1 0.8611905871021005 0
1 1 1 1 0 1 0.776099310498933 0
1 1 1 1 0 1 0.8337727574536924 0
1 1 0 1 1 1 0.7895611754640091 0
1 1 1 1 0 1 0.8474065530564358 0
1 1 1 0 0 0 0.8782231480752436 0
1 1 1 0 0 0 0.39110108404656635 0
1 1 1 1 0 1 0.8574600043038716 0
1 1 1 1 0 1 0.8454986751113381 0
1 1 1 0 0 0 0.7490947349611625 0
1 1 1 1 0 1 0.7920877897244974 0
1 1 1 1 0 1 0.7849721153526305 0
1 1 1 0 0 0 1.0000000131889788 0
1 1 1 1 0 1 0.999999972936648 0
1 1 1 0 0 0 0.7114952577339527 0
1 1 1 1 1 1 1.000000057553951 0
1 1 1 1 0 1 0.8578204367285325 0
1 1 1 0 0 0 1.0000000081849794 0
1 1 1 0 0 0 0.3817330430645784 0
1 1 1 1 0 1 0 0
1 1 1 1 0 1 0.9999999649730705 0
1 0 1 1 0 1 0.38063783629949677 0
1 1 1 0 0 0 1.0000000049853497 0
1 1 1 1 0 1 0.9999999528466408 0
1 1 1 1 0 1 0.8499509244585749 0
1 1 1 0 0 0 0.8263911371549586 1
1 1 1 1 0 1 1.0000000006376315 0
1 1 1 0 0 0 0.9999998592259441 2
1 1 1 1 0 1 0.3184008456040733 1
1 1 1 1 0 1 0.7390212090458862 0
1 1 1 1 0 1 0.7673423849157243 0
1 1 1 0 0 0 0.8623800947329494 0
1 1 1 1 0 1 0.7909249538373703 0
1 1 1 1 0 1 0.3740794473163541 0
1 1 0 0 1 0 1.0000000682185837 2
1 1 1 0 0 0 0.6704797933843557 0
1 1 0 0 1 0 0.8241509754411955 0
1 1 1 1 0 1 0.9999999309125868 0
1 1 1 1 0 1 0.8338729109269029 0
1 1 1 1 0 1 1.0000000306482255 0
1 1 1 0 0 0 0.861927276933222 0
1 1 1 0 0 0 0.4509607335273342 0
1 1 1 0 0 0 0 0
1 1 1 1 1 1 1.0000001164990953 1
1 0 1 1 0 1 0.5085863758636088 2
1 0 1 1 0 1 0.5549940570964116 1
1 1 0 0 0 0 0.7678157665039544 1
1 1 1 1 0 1 0.26532311783791745 0
1 1 1 0 0 0 1.0000000428895923 0
1 1 1 1 0 1 0.8203064274532039 0
1 1 1 1 0 1 0.6595815013256228 0
1 1 0 1 0 1 0.8368526929100382 0
1 1 0 1 0 1 0.8318698066242473 0
1 1 1 1 0 1 0.7767839390541361 0
1 1 0 1 1 1 0.8309958253357173 0
1 1 1 0 0 0 1.0000000078414455 0
1 1 1 1 0 1 0.8429368469690653 2
1 1 0 0 0 0 0.9999998591046613 1
1 1 1 0 0 0 0.4135008321358928 0
1 1 0 0 0 0 0 0
1 1 1 0 1 0 0.7517720707738068 0
1 1 1 1 0 1 0.7786531575353923 0
1 1 1 0 0 0 0.6768916547202596 0
1 1 1 1 0 1 0.999999966124932 2
1 1 1 0 0 0 0.7755893758274351 0
1 1 1 0 0 0 0.9999999955826042 0
1 1 1 0 0 0 0.26932891179594903 0
1 0 1 1 0 1 0.5728400609022212 1
1 1 1 1 0 1 0.7740480724682708 0
1 1 0 0 0 0 0.7285317249126008 0
1 1 1 1 0 1 0.8111210320660457 0
1 1 0 1 0 1 0.8071225955851439 2
1 1 1 0 0 0 0.8839774980167238 0
1 1 1 1 0 1 0.7388203067984515 0
1 1 1 1 0 1 0.8498903484234518 2
1 1 1 1 0 1 0.8349728664122746 2
1 1 1 1 0 1 0.9999999728271064 0
1 1 1 1 0 1 0.8278963872905506 0
1 1 1 1 0 1 0 2
1 1 1 1 0 1 0 0
1 1 1 1 0 1 0.999999961721057 2
1 1 1 1 0 1 1.000000021794053 0
1 1 1 1 0 1 0.25094947241944765 0
1 1 1 1 0 1 0.8342506929288983 0
1 1 1 0 0 0 0.8559113481850419 0
1 1 1 1 0 1 0.8768072570229776 2
1 1 0 0 0 0 0.8214634824593785 0
1 1 0 0 0 0 0.7918466245282022 0
1 1 1 0 0 0 0 0
1 0 1 0 0 0 0.5085863758636088 0
1 1 1 1 0 1 0.8480046140287804 0
1 1 1 1 0 1 0.7828267860408871 0
1 1 0 0 1 0 0.9999999407169118 0
1 1 1 0 0 0 0.999999968673905 0
1 1 1 1 0 1 0.830641563830305 0
1 0 1 1 0 1 0.5818303034239551 1
1 1 1 0 0 0 0.695466886694612 0
1 1 0 0 0 0 1.0000000391964963 0
1 1 1 1 0 1 0.8239087012255143 0
1 1 1 1 0 1 0 0
1 1 1 0 0 0 0.8130624887662105 0
1 1 0 0 0 0 0.9999999059035412 0
1 1 1 1 0 1 0.8036806282618806 0
1 1 1 1 0 1 0.9999999365573607 0
1 1 1 1 1 1 0.89696981240472 0
1 1 1 0 0 0 0.9999999991136915 0
1 1 1 1 1 1 0.8600512915230957 0
1 1 1 1 0 1 0.8474609077891985 0
1 1 1 1 0 1 0.9999999922811673 2
1 1 1 0 0 0 0.8229512395961617 0
1 1 0 1 0 1 0.8247324574565583 0
1 1 1 0 0 0 0.8327659760970333 2
1 1 1 1 1 1 0.8994698772490719 0
1 1 1 1 0 1 0.9999999209234948 0
1 1 0 0 0 0 0.8723978153859678 0
1 1 1 1 0 1 0 0
1 1 1 1 0 1 0 0
1 1 0 1 0 1 0.8456863126809981 0
1 1 1 0 0 0 0 2
1 1 1 0 1 0 0.8613096758757585 0
1 1 1 0 0 0 0.9999999935163222 0
1 1 1 1 0 1 0.8242280955978489 0
1 1 1 1 0 1 0.9999999493475829 0
1 1 1 0 0 0 0.8123873138809462 0
1 1 1 0 0 0 0.43876237127613577 0
1 1 1 1 0 1 0 0
1 1 1 1 0 1 0.9999998543540751 2
1 1 1 0 0 0 0.8526982160724106 0
1 1 1 1 0 1 0.756266868736606 1
1 1 1 1 0 1 0.7296254015627361 0
1 1 1 1 0 1 0.740830038347129 0
1 1 0 0 0 0 1.0000000130856805 0
1 1 1 1 0 1 1.0000000278211567 0
1 1 1 0 0 0 1.0000000254390544 0
1 1 1 0 0 0 0.6722946383663031 0
1 1 1 0 0 0 1.0000000118825336 0
1 1 1 0 0 0 0.9999999978184212 0
1 1 0 1 1 1 0.6915147835093729 0
1 1 1 0 0 0 0.9154678572623254 0
1 1 1 0 0 0 0 0
1 0 1 1 0 1 0.4842177600158231 1
1 1 1 1 1 1 1.0000000300360008 0
1 1 1 1 0 1 0.8443897542168317 2
1 1 1 0 0 0 0 0
1 1 1 1 0 1 0.8676392664379234 0
1 1 1 0 0 0 0.8124387906741178 0
1 0 1 1 0 1 0.41892894961334 0
1 1 1 1 0 1 0.8360302337183536 0
1 0 1 1 0 1 0.6377538625523269 2
1 1 1 1 0 1 1.0000000894825978 0
1 1 0 0 0 0 0.7894382892502311 0
1 0 1 0 0 0 0.3151536911074929 0
1 1 1 1 0 1 0.7808754065021961 0
1 1 1 1 0 1 0.9999998981597966 0
1 1 1 1 0 1 1.0000000393755197 2
1 1 1 1 0 1 0.31047997350653433 0
1 1 1 1 0 1 1.0000000256066643 0
1 1 1 1 0 1 0.8031618889658846 0
1 1 1 0 1 0 0.8105821986298893 0
1 1 1 1 1 1 1.0000000045823585 0
1 1 1 1 0 1 0.999999891929237 2
1 1 1 0 0 0 0 0
1 1 1 1 0 1 0.8349092526620843 0
1 1 1 0 0 0 0 0
1 1 0 0 0 0 0.8300573772397275 0
1 1 1 0 0 0 0.8728851838976672 0
1 1 1 0 0 0 0.8055219859188683 0
1 1 1 1 0 1 0.8036654593301172 0
1 1 1 1 0 1 0.8714302145051903 2
1 1 1 0 0 0 0.9999999662192438 0
1 1 1 1 0 1 0.8654741016215995 0
1 1 1 1 0 1 1.0000000261978554 0
1 1 1 1 0 1 0.817146866826357 0
1 1 1 0 0 0 0.9999999421255544 0
1 1 1 0 0 0 1.0000000138498286 0
1 1 1 1 0 1 0 0
1 1 1 1 0 1 0 2
1 1 1 1 1 1 1.000000007309957 2
1 1 1 1 0 1 0.999999995572566 0
1 1 0 0 0 0 0.9999999477728158 0
1 0 1 0 0 0 0.5818303034239551 2
1 1 0 1 0 1 0.7663746901801269 0
1 1 0 0 0 0 0.7599694552682179 0
1 1 1 1 0 1 0.7561096253999336 0
1 1 1 1 0 1 0 2
1 1 1 0 0 0 0.999999964205235 0
1 1 1 1 0 1 0.7804547059827883 0
1 1 1 0 1 0 0.9999999741057096 0
1 1 0 0 0 0 0.882953110341589 0
1 1 1 0 0 0 0 0
1 1 1 1 0 1 0 0
1 0 1 0 0 0 0.5818303034239551 1
1 1 1 0 0 0 0.7864781531962399 0
1 1 1 1 1 1 0.7669383125037698 0
1 1 1 0 0 0 0.8548692697426163 0
1 1 0 1 0 1 0 1
1 1 1 1 1 1 0.7250936275903305 0
1 1 1 0 0 0 0 0
1 1 1 0 0 0 1.0000000078022815 0
1 1 1 0 0 0 0.8412247131773287 0
1 1 1 1 0 1 0.9043491911700702 0
1 0 1 1 0 1 0.509252927647154 1
1 1 1 0 0 0 0.8064173730896738 0
1 1 1 0 1 0 0 2
1 1 1 1 0 1 0.8533065335826499 0
1 0 0 0 0 0 0.5359305134415158 0
1 1 0 1 0 1 0.8341134117545047 0
1 1 0 0 0 0 0.633222529849641 2
1 1 1 0 0 0 0.9999999649730705 0
1 1 0 0 0 0 0.7841861104347891 0
1 1 1 1 0 1 0.4284083445066733 0
1 1 0 1 0 1 0.8539678744582728 0
1 1 1 0 0 0 0.999999920021854 0
1 1 1 1 0 1 0.9999998570107457 0
1 1 1 1 0 1 1.0000000713108534 0
1 1 1 1 1 1 0.8814308100987356 0
1 1 1 0 1 0 0.9999999741700972 0
1 1 1 1 0 1 0.8497505174772149 0
1 1 1 1 0 1 0.7841954817778 0
1 1 1 1 1 1 1.0000000108995704 0
1 1 0 1 0 1 0.8792246407755545 0
1 1 1 0 0 0 1.0000000451807483 0
1 1 1 1 0 1 0.7684420060449687 2
1 1 1 1 0 1 0.9999999475021897 0
1 1 1 1 0 1 0.8652926741287794 2
1 1 0 0 0 0 0.8598314721783293 0
1 1 1 1 0 1 0.8252738603138282 0
1 1 1 0 0 0 0.9999999785124526 0
1 1 1 1 0 1 0.48633034974510464 2
1 1 1 0 0 0 0.8894059317698851 0
1 1 1 1 0 1 0.7864728361558172 2
1 1 1 1 0 1 0.8268197205263247 0
1 1 1 1 0 1 1.000000043141458 0
1 1 1 0 0 0 1.000000025002941 0
1 1 1 1 0 1 0.8201378722080858 0
1 1 1 1 0 1 0 0
1 0 1 0 0 0 0 0
1 1 1 1 0 1 0.8837501418890039 2
1 0 1 0 0 0 0.5818303034239551 1
1 1 0 0 0 0 0.6732819300636038 0
1 1 0 0 1 0 1.0000000616270663 1
1 1 1 0 0 0 0.999999988620794 0
1 0 1 1 0 1 0.4842177600158231 1
1 1 1 1 0 1 0.24949064443950625 0
1 1 1 0 0 0 0 0
1 1 1 1 0 1 0.7813887419188948 2
1 1 1 1 1 1 0 2
1 1 1 1 0 1 0.454632793938987 0
1 1 1 1 0 1 0.8021856058085336 0
1 1 1 1 0 1 0.878836305461048 0
1 1 1 1 1 1 0.9999999015392252 0
1 1 1 1 0 1 0.8132392239649449 0
1 1 1 0 0 0 1.0000000209451243 0
1 1 0 1 0 1 0.9999999611084649 2
1 1 1 1 0 1 0.7059199571504845 0
1 1 1 1 0 1 1.0000000019146458 2
1 1 0 0 1 0 0.9999999355803584 1
1 1 1 1 0 1 0.7945755366823445 2
1 1 1 1 0 1 0.8466038350831468 0
1 1 1 1 0 1 0.7801434690163895 0
1 1 0 0 0 0 0 0
1 0 1 0 0 0 0.5513754449317372 1
1 1 1 0 0 0 0.7800443543217667 0
1 1 1 1 0 1 0.845045981470311 0
1 1 1 1 0 1 0.3425473536784225 0
1 1 1 1 0 1 1.0000000006376315 0
1 1 1 0 0 0 1.000000000806862 2
1 1 1 1 0 1 0.88658439729716 2
1 1 0 1 0 1 0.7687984467328518 2
1 1 1 1 0 1 0.8048873793105408 2
1 1 1 0 0 0 0.8387984764263589 0
1 1 1 0 0 0 0.7223852633418164 0
1 1 1 1 1 1 0.807202773843192 1
1 1 1 1 0 1 0.8354312643134534 0
1 1 1 1 0 1 0.9999999364257482 0
1 1 1 1 0 1 0.8726267923067742 0
1 1 1 0 0 0 0.7545951341736258 0
1 1 0 0 1 0 0.884447119320814 0
1 1 1 1 0 1 0.080759213288662 2
1 1 1 0 0 0 0.9999999562084048 0
1 1 1 1 0 1 0.8812955209991516 0
1 0 1 0 0 0 0.46691537346027373 2
1 1 1 0 0 0 1.0000000674120095 0
1 0 1 1 0 1 0.5565918997902354 0
1 1 1 0 0 0 0 0
1 1 1 1 0 1 0.7758995969399544 0
1 1 1 1 0 1 0.9252828894773696 0
1 1 1 1 0 1 0.847601323895388 0
1 0 0 1 0 1 0 2
1 1 1 0 0 0 0 1
1 1 1 1 0 1 0.8083581524484579 0
1 1 1 0 0 0 0.789736304426683 0
1 1 1 1 0 1 1.000000027738644 0
1 1 1 1 0 1 0.8374618323722787 0
1 0 1 1 0 1 0.4842177600158231 2
1 1 1 1 0 1 0.7247164186279537 0
1 1 1 1 0 1 0.8301874443928116 0
1 0 1 0 0 0 0.5524850874134151 0
1 1 1 1 0 1 0.9999999624596493 0
1 1 0 1 1 1 0.7901618648881509 0
1 0 1 0 0 0 0.40964993622283213 0
1 1 1 0 1 0 1.0000000201347823 1
1 0 1 1 0 1 0.4447135965665408 2
1 1 0 1 1 1 0.8431596692729467 0
1 1 1 1 1 1 0 2
1 1 0 1 0 1 0 0
1 1 1 0 0 0 0 0
1 1 0 0 0 0 0.8199247451900813 0
1 1 1 1 0 1 0.8333456332972532 0
1 1 1 0 0 0 0.8267449356201338 0
1 1 0 0 0 0 0.8779486904175181 1
1 1 1 0 1 0 0.7940529029062443 0
1 1 1 1 0 1 0.9058721866666752 0
1 1 1 1 0 1 0.836690091019533 0
1 1 0 1 0 1 0.9999999637957192 0
1 0 1 1 0 1 0.5565918997902354 2
1 1 1 1 0 1 0.8631524144758095 0
1 1 1 1 0 1 0.9999999829291142 0
1 1 1 1 0 1 0.7678931378241595 0
1 1 1 1 0 1 0.8291622278606543 0
1 1 1 0 1 0 0.8729548601233659 0
1 1 1 1 0 1 1.0000000239937925 0
1 1 1 0 0 0 1.0000000203490143 0
1 1 0 1 0 1 0.7736502052945426 0
1 1 1 1 0 1 0.901642079471313 0
1 1 0 1 0 1 0.8543748151544158 0
1 1 0 0 1 0 1.0000000343581057 0
1 0 1 1 0 1 0.6688730745347304 1
1 1 0 0 0 0 0.9999999858307751 0
1 1 1 0 0 0 0 0
1 1 0 0 1 0 0.9999999562084048 0
1 1 1 1 0 1 0.7987359288744955 2
1 1 1 1 0 1 0.4378454509678271 0
1 1 1 1 0 1 1.0000000572684817 0
1 1 1 1 0 1 0.8275452910031371 0
1 1 1 1 0 1 0.9999999627518597 0
1 1 1 1 0 1 0.9013732154038485 0
1 0 1 1 0 1 0.4547007117373653 2
1 1 1 1 0 1 0.9068776965718301 0
1 1 1 1 0 1 0.726427459702942 0
1 1 1 1 0 1 0.6716070018818812 0
1 1 1 1 0 1 0.823229934795982 2
1 1 1 1 0 1 0.8010539360328132 0
1 1 1 1 1 1 0.865079394120196 0
1 1 1 1 0 1 0.3879768636024184 0
1 1 0 1 0 1 0.7043659388172842 2
1 1 1 1 0 1 0.9999999628416856 0
1 1 1 0 0 0 1.0000000643633535 0
1 1 1 1 0 1 1.0000000130856805 0
1 0 1 1 0 1 0.6385471453598006 2
1 1 1 0 0 0 0.8496735378243444 0
1 1 0 1 1 1 1.0000000393755197 0
1 1 1 0 0 0 0.4590102627389732 1
1 1 1 1 0 1 0.8781246314370487 2
1 1 1 0 0 0 0.9091287396210282 0
1 1 1 1 0 1 0.8206393622550312 0
1 1 1 0 1 0 0.8404495490482539 0
1 0 1 0 0 0 0.5085863758636088 0
1 1 1 0 0 0 0.8243018156707947 0
1 1 1 1 0 1 0.829478598896205 0
1 1 1 1 0 1 0.8830546871528446 0
1 1 1 1 0 1 1.000000065228104 0
1 1 1 1 0 1 0.7580429099071953 0
1 1 1 0 0 0 0.9999999649944519 0
1 1 0 1 0 1 0.9999999712084077 0
1 1 1 0 0 0 0 0
1 1 1 0 0 0 0.9506786079473872 0
1 1 1 1 0 1 0.8229674854839502 2
1 1 0 1 0 1 0.9999999603127934 0
1 0 1 0 0 0 0.5552919391751697 1
1 1 1 1 0 1 0.802477578801036 0
1 1 1 1 0 1 0.8546696713124667 2
1 1 1 1 0 1 0.884949013951335 0
1 1 0 1 0 1 0.8657299777778085 0
1 1 0 0 0 0 0.8315490753884737 0
1 1 0 0 0 0 0.9999999778885174 0
1 1 1 1 0 1 1.000000019335075 2
1 0 1 1 0 1 0.6625261670992277 0
1 1 0 0 0 0 0 0
1 0 1 0 0 0 0.4685373135335419 2
1 1 1 0 0 0 0.7744667454370868 1
1 1 1 1 0 1 0.9999999528573768 2
1 1 1 0 0 0 0.9005773872503269 0
1 1 0 1 0 1 0.8835992079457667 0
1 1 1 1 0 1 0.7604499637518429 0
1 1 1 0 0 0 0.9999999701596143 0
1 1 1 1 0 1 0.7676897591269056 0
1 1 1 0 0 0 0.7565106328606103 0
1 1 0 0 0 0 0.9999999676261553 1
1 1 1 0 0 0 0.8088500784461683 0
1 1 1 1 0 1 0.8158801169625755 0
1 1 1 1 0 1 0.5972346571683445 0
1 1 0 0 0 0 1.000000021773451 0
1 1 1 0 0 0 0.7676075837071253 0
1 1 1 1 0 1 0 0
1 0 1 1 0 1 0.5085863758636088 0
1 1 1 0 0 0 0.7716155943504247 0
1 1 1 0 0 0 0.6907255742157355 0
1 1 1 1 0 1 0.8656758083361168 0
1 1 1 0 0 0 0.8013010598150476 2
1 0 1 0 0 0 0.5749937189419034 1
1 1 1 0 0 0 0.9999999238569625 0
1 1 1 1 0 1 0.8542651301960694 2
1 1 1 1 0 1 0.9999999727889035 2
1 1 1 1 0 1 0 0
1 1 1 0 0 0 0.7672750156268172 0
1 1 0 1 1 1 0.9999999475021897 1
1 1 1 0 0 0 0.9999999882537135 0
1 1 0 1 1 1 1.0000000393755197 0
1 1 1 0 0 0 0.8275989431209277 1
1 1 1 0 0 0 0.8441759412025799 0
1 1 1 0 0 0 0.820326163224898 0
1 1 1 0 0 0 0 0
1 1 1 0 0 0 0.822288716534581 0
1 1 1 1 0 1 0.9999999580238584 0
1 1 1 1 0 1 0.7173809352554097 0
1 1 0 0 0 0 0.8375035018804454 0
1 1 1 0 0 0 0.2548530809578105 0
1 1 1 0 0 0 0.8419283914806446 0
1 1 1 0 1 0 0.9999999425284877 0
1 1 1 0 0 0 0 0
1 1 1 1 1 1 0.8779480212483997 2
1 1 1 1 0 1 0.3009221045440221 0
1 1 1 1 0 1 0.6479621664829187 0
1 1 1 1 0 1 0.7900116780481264 0
1 1 1 1 0 1 0.8616689073257013 0
1 1 1 0 0 0 0.8074964218017716 1
1 1 1 1 0 1 0.8231310698334606 0
1 1 1 0 0 0 1.0000000626981922 0
1 1 1 0 0 0 0.3052139093287244 0
1 1 1 1 0 1 0.8434027711903348 0
1 1 0 0 0 0 0.9999999544039722 0
1 1 1 0 0 0 0.9999999218692542 0
1 1 0 0 1 0 0.8166180160569354 0
1 0 1 1 0 1 0.6385471453598006 1
1 1 1 0 0 0 1.0000000120387638 1
1 1 1 1 0 1 0.7475120715820511 0
1 1 1 0 1 0 0 0
1 1 1 0 0 0 0 0
1 1 1 1 1 1 1.0000000205346193 0
1 1 0 0 1 0 0.7870361188975424 1
1 1 1 1 0 1 0.7963118357451052 0
1 1 1 1 0 1 0.3358843002710765 0
1 1 1 1 0 1 0.7874879585966431 0
1 1 1 1 0 1 0.8767777431181589 2
1 1 1 1 0 1 0.7688291996243357 1
1 1 1 0 0 0 0 0
1 1 1 1 1 1 0 0
1 0 1 0 0 0 0.5085863758636088 0
1 1 1 1 0 1 1.000000026801066 0
1 1 1 0 0 0 1.0000000403902733 1
1 1 1 1 0 1 0.609982980275219 0
1 1 1 1 0 1 0.8058698226619101 0
1 1 0 0 0 0 1.000000031350566 1
1 1 0 0 0 0 0.9999999821537771 1
1 1 1 0 0 0 0.821044675756427 0
1 1 1 1 0 1 0.3075799460775294 0
1 1 1 0 0 0 0.8592632900463996 0
1 1 0 1 0 1 0.5218427628621644 0
1 1 0 0 0 0 0.7599694552682179 0
1 1 1 0 0 0 1.0000000356089647 0
1 1 1 0 0 0 0.861309673614328 0
1 1 1 1 0 1 0.76961936248536 0
1 1 1 1 0 1 0 0
1 1 1 1 0 1 0.8949438877837881 0
1 1 0 1 0 1 0.8799278428356017 0
1 1 1 1 0 1 1.0000000133530333 0
1 1 1 1 0 1 0.783587616421335 0
1 1 1 1 0 1 0.7993327182886061 0
1 1 1 0 1 0 0.9999999628966318 0
1 0 1 0 0 0 0.4529322896140865 1
1 1 1 0 0 0 0 0
1 1 1 0 0 0 0.7603859210218997 0
1 1 1 0 0 0 0.9999999150172627 0
1 1 1 1 0 1 0.9999999848453904 0
1 1 1 1 0 1 0.8732754425045316 0
1 1 1 1 0 1 0.8093662167027219 2
1 1 1 0 1 0 0.9999999822778286 1
1 1 1 1 0 1 0.8587995373658757 0
1 1 1 0 0 0 0 0
1 1 1 1 0 1 0.9999999930636602 0
1 1 0 1 0 1 0.8536591441406913 0
1 1 0 0 0 0 0.7723963741441535 0
1 0 1 1 0 1 0.5379075552211666 0
1 1 0 0 0 0 0.807846506273652 0
1 1 1 0 0 0 1.0000000077298483 0
1 1 1 1 0 1 0.7260197445236313 0
1 1 1 1 0 1 0.855602929890473 0
1 1 1 1 0 1 0.8602195333095062 0
1 1 1 1 0 1 0.8064612838571884 0
1 1 1 1 0 1 0.24405108923086435 0
1 1 1 1 0 1 0.8180622095830049 0
1 1 1 1 0 1 0.8285622516947755 0
1 1 1 0 0 0 1.000000000806862 0
1 1 1 0 0 0 0.999999944575525 0
1 1 1 1 1 1 0.915123523723947 2
1 1 1 1 0 1 0.8153749720645674 0
1 1 1 1 0 1 0.781154348070479 0
1 1 1 0 1 0 0.7230444999026169 0
1 1 1 0 0 0 1.0000000125106572 0
1 1 1 0 1 0 0 0
1 1 1 1 0 1 0.7859113256128547 2
1 0 1 1 0 1 0.5085863758636088 0
1 1 1 0 1 0 1.0000000077298483 0
1 1 0 0 0 0 0.8320733503488731 2
1 1 1 0 1 0 0.7842330813072246 2
1 1 0 1 0 1 0.30256421088118035 0
1 1 0 1 0 1 0.9403453177902736 2
1 1 1 0 0 0 1.0000000130733782 0
1 1 1 1 0 1 0.8859059570963007 0
1 1 1 1 0 1 0.6950077916485492 0
1 1 0 1 0 1 0.8380758104076328 0
1 1 0 1 0 1 1.0000000510111724 0
1 1 1 0 0 0 0.8262679845930608 0
1 0 1 1 0 1 0.5240917341665062 0
1 1 1 0 0 0 0.7772760277585093 0
1 1 1 1 0 1 0.7907388812594716 2
1 1 1 1 0 1 0 0
1 1 1 1 0 1 0.6411768867122124 0
1 1 1 1 0 1 0.8559045319856032 0
1 1 0 1 0 1 1.0000000131397508 0
1 1 1 1 0 1 0.7933732845283153 0
1 1 1 1 0 1 0.8670029205081898 0
1 1 1 0 0 0 0.7581412353511584 0
1 1 1 1 0 1 0.8329077796967882 0
1 0 1 0 0 0 0.40964993622283213 1
1 1 1 1 1 1 1.00000002442491 2
1 0 1 1 0 1 0.5085863758636088 0
1 1 0 1 0 1 0.8040299560155824 0
1 1 1 0 0 0 0.7821676232997014 0
1 1 1 0 0 0 0.8202623716183312 0
1 1 1 0 0 0 0 0
1 1 1 0 0 0 0.9999999719730708 0
1 1 1 0 1 0 0.7869202120165034 0
1 1 1 1 0 1 0.9999999988838179 2
1 1 0 1 0 1 0.786311882618981 0
1 1 1 1 1 1 0.8392197875020819 0
1 1 1 1 0 1 0.796666679359332 0
1 1 1 1 0 1 0.7979705015895625 0
1 1 1 0 0 0 0.8512883930253093 2
1 1 1 1 0 1 0.7504057221408938 2
1 1 0 0 1 0 0.9999999995804779 0
1 1 0 1 1 1 1.0000000142784973 0
1 1 1 0 0 0 0 0
1 1 1 0 0 0 0.4214929127135726 0
1 1 1 1 0 1 0.3945814479722374 0
1 1 1 1 0 1 0.7783481595239689 0
1 1 1 0 0 0 0.4527564118942182 0
1 1 1 0 0 0 0.7863464511194991 2
1 1 1 0 1 0 0.9013922370678321 0
1 1 1 1 0 1 0.8348848097676262 0
1 1 1 1 0 1 0 2
1 1 1 1 1 1 0 0
1 1 1 0 0 0 0 0
1 1 1 0 0 0 0.7956917905058946 0
1 1 1 0 0 0 0.8407692543168058 0
1 1 1 1 0 1 0.8444288357992683 0
1 1 0 1 0 1 0.7717928818037751 0
1 1 1 1 0 1 0.8139204039832788 0
1 1 1 1 1 1 0.6714970079266013 1
1 1 1 1 0 1 0.875565589477992 2
1 1 1 1 0 1 1.0000000179376418 0
1 1 1 1 0 1 1.0000000173830852 0
1 1 1 1 0 1 1.000000039920186 0
1 1 0 1 0 1 0.7612796062413392 0
1 1 1 1 0 1 0 0
1 1 1 1 0 1 1.0000000031912653 0
1 1 1 1 0 1 0.8218775439434574 2
1 0 0 1 0 1 0.5085863758636088 0
1 1 1 1 0 1 0.8299744540658068 2
1 1 1 1 0 1 0.8284560933893426 2
1 1 1 1 0 1 0.7754982622708199 0
1 1 1 0 0 0 0.8906800532226506 0
1 1 0 0 1 0 0.8659588755451152 0
1 1 0 1 0 1 0.999999926060374 0
1 1 1 0 0 0 0 0
1 1 0 1 1 1 0.9999999366340564 1
1 1 1 0 0 0 0.8200685863925956 0
1 1 1 0 0 0 0.7866191665321011 0
1 1 1 0 0 0 0.843488731116882 0
1 0 1 1 0 1 0.5643310353144685 1
1 1 1 0 0 0 1.0000000175595631 0
1 1 1 1 1 1 0.8224414238215058 0
1 1 0 0 0 0 0.9999999415681936 0
1 1 1 0 0 0 0 0
1 1 0 1 0 1 0.8076022197566263 0
1 1 0 1 0 1 0.8535497700029705 0
1 1 1 1 0 1 0.8170009859671079 0
1 1 0 1 0 1 0.9183473398763866 0
1 1 1 1 0 1 0.8090987696486575 2
1 1 1 0 0 0 0.2544717247569177 0
1 1 1 0 0 0 0.8517898518642166 0
1 1 1 1 0 1 0.8453066276001729 0
1 1 1 0 0 0 0 0
1 1 0 1 0 1 0.8171581540442505 0
1 1 1 0 0 0 0.7919557548970909 0
1 1 1 1 0 1 0.8063580169744051 0
1 1 1 1 0 1 0.8938129356872525 2
1 1 1 0 0 0 0.73363047251889 0
1 1 0 1 0 1 0.7045994851202266 2
1 1 1 0 0 0 1.0000000103064781 0
1 1 0 0 0 0 0.7727857195582188 0
1 1 1 0 0 0 0.772329082875807 0
1 0 1 1 0 1 0.5643310353144685 2
1 1 1 0 0 0 0.8125933755147849 0
1 1 0 1 0 1 0.8096583319953575 0
1 1 1 1 0 1 0.4191461791464745 0
1 1 1 0 0 0 0.7369854737418503 1
1 1 1 0 0 0 1.0000000086486518 0
1 1 1 0 0 0 0.8440943749620994 0
1 1 1 1 0 1 0.8720302197615472 0
1 1 1 1 0 1 1.0000000566379874 0
1 1 1 0 0 0 0.8871749532077468 0
1 1 1 1 0 1 0.6977933531914701 0
1 1 1 0 0 0 1.0000000088743963 0
1 1 1 0 0 0 0.8757154264179229 0
1 1 1 1 0 1 0.7786829002754111 0
1 1 0 0 0 0 0.7341235557033143 0
1 1 1 1 0 1 0.7911145488798481 0
1 1 0 0 0 0 0.8274000293260094 0
1 1 1 1 0 1 0.4069161919159984 0
1 1 1 0 0 0 0.8342311180822573 0
1 1 1 0 0 0 0.83269892792414 0
1 1 1 0 0 0 0 0
1 1 1 0 0 0 0.7762826478885205 0
1 1 1 1 0 1 0.4897399550235099 0
1 1 1 0 0 0 0.4944977801391708 0
1 1 1 1 0 1 0.9046947771796281 0
1 1 1 1 1 1 0.7790293125039582 0
1 1 1 1 1 1 0.8389542253259137 0
1 1 1 0 0 0 1.0000000455984954 0
1 1 1 1 0 1 0.9999999974792698 0
1 1 1 1 0 1 0.8126847328335012 0
1 1 1 1 1 1 0.9999999243055817 1
1 0 1 0 0 0 0.5192646442766797 2
1 1 1 1 0 1 0.867397636652787 2
1 1 1 0 0 0 0.8204664230223722 0
1 1 1 1 0 1 0.8455574784523837 0
1 1 1 1 0 1 0.786842484429476 0
1 1 1 0 0 0 0.8006490551319513 0
1 1 1 1 0 1 0.9999999866262504 0
1 1 1 0 0 0 1.0000000977276888 0
1 1 1 0 0 0 1.0000000255674126 0
1 1 1 0 0 0 1.0000000167484413 0
1 1 1 0 0 0 0.8025580386037682 0
1 1 1 0 0 0 0.9999999909672767 0
1 1 1 1 0 1 0.9071058794473421 0
1 1 1 0 0 0 0.7414736967759628 0
1 1 1 1 0 1 0.857398805518867 0
1 0 1 1 0 1 0.742066524413998 2
1 1 1 1 0 1 1.0000000099050799 0
1 1 1 0 0 0 0.9999999292380167 0
1 1 1 1 0 1 0.8682539295953065 0
1 1 1 1 0 1 1.0000000655451582 0
1 1 1 1 0 1 0.8552440252906015 0
1 1 0 1 0 1 0.9999998543540751 2
1 1 0 1 0 1 0.9999999379995889 0
1 1 1 0 0 0 0.8243291174209214 2
1 1 1 1 0 1 0.9999999301879765 0
1 1 1 1 0 1 0.6921360770998072 0
1 1 1 1 0 1 0.6965868068821789 0
1 1 1 1 0 1 0 0
1 1 1 0 0 0 0.7070875056462278 0
1 1 1 0 0 0 0.8312702723197011 0
1 1 0 1 0 1 0.8056111127284238 0
1 1 1 0 0 0 0.05217403846311497 0
1 1 0 1 0 1 0.7197269893373375 0
1 1 1 0 1 0 0.803460896410532 0
1 1 1 0 0 0 1.00000005743298 0
1 1 1 1 0 1 0.37013347359610194 0
1 1 1 1 0 1 0.8382351093873865 0
1 1 1 1 0 1 0 0
1 1 1 1 1 1 0.9999999242455578 0
1 1 1 1 0 1 0.770698294735317 0
1 1 0 1 0 1 0.7973910569036752 0
1 1 1 0 0 0 0.7422054350682242 0
1 1 1 0 0 0 0.7773078396877894 0
1 1 1 0 0 0 1.000000039417319 2
1 1 1 0 1 0 0.7323270068448292 0
1 1 1 1 0 1 0.999999932895958 0
1 1 1 1 0 1 1.0000000294322482 0
1 1 1 1 0 1 0.33186585913511585 0
1 1 1 1 0 1 0.9999999415853793 0
1 1 1 1 0 1 1.0000000367404454 0
1 0 1 1 0 1 0.6625261670992277 1
1 1 1 1 0 1 1.000000068035969 0
1 1 1 1 0 1 0.5852167267441186 0
1 0 1 1 0 1 0.38235716729638863 2
1 0 1 1 0 1 0.5085863758636088 2
1 1 1 1 0 1 0.9999999972806042 0
1 1 1 1 0 1 0.7869931384871373 1
1 1 1 1 0 1 0.7826240864113692 2
1 1 1 1 0 1 0.999999987388 0
1 1 1 1 0 1 0.24813676199044293 0
1 1 1 1 0 1 0.8403238048195606 0
1 1 1 0 1 0 0 0
1 1 0 0 0 0 0.9999999220919811 0
1 1 1 1 0 1 0.7957861511715032 0
1 1 0 1 0 1 0.8085680423510362 0
1 1 1 1 0 1 0.7885547457301966 2
1 1 1 0 0 0 0.375165605054017 0
1 1 0 0 0 0 0.7206416481371918 0
1 1 1 1 1 1 0.8254123094017515 2
1 1 1 0 0 0 1.000000045099135 0
1 1 0 1 0 1 0.7621639387299548 0
1 1 1 1 0 1 1.00000005743298 0
1 1 0 1 0 1 0.7654970327457012 0
1 1 1 1 0 1 1.0000000566379874 0
1 1 0 0 0 0 0.8740581027441346 0
1 1 1 0 0 0 0 0
1 1 1 1 0 1 1.0000000134402287 0
1 1 1 1 0 1 1.000000082274544 0
1 1 1 1 1 1 0 0
1 1 0 1 0 1 0.7422486331360415 0
1 1 1 0 0 0 0.7839199302350524 0
1 1 0 1 0 1 0.7499132615960231 0
1 1 1 1 0 1 0 0
1 1 1 1 0 1 0.9999999689915634 0
1 1 1 1 1 1 0.8497003419451492 0
1 1 1 1 0 1 0.8129199721918084 1
1 1 0 1 0 1 0.9999999177998027 0
1 1 1 0 0 0 0 0
1 0 1 1 0 1 0.6377538625523269 1
1 1 1 0 0 0 0.8662225479261104 0
1 1 1 1 0 1 0.9999999668132722 0
1 1 1 0 0 0 0.754399344938051 0
1 1 1 0 0 0 0.7451142544692145 0
1 1 1 0 1 0 0.9013706151152726 0
1 1 1 1 0 1 0.9999999787003919 0
1 1 1 1 1 1 0.9999999438468586 0
1 0 1 1 0 1 0.5085863758636088 2
1 1 0 1 0 1 0.8312978969938247 0
1 1 0 1 1 1 0.9999999946467067 0
1 1 1 1 0 1 0 0
1 1 1 0 0 0 1.0000000092153745 0
1 1 0 1 0 1 0.731971941925437 0
1 1 1 0 0 0 0 0
1 1 1 0 0 0 0 0
1 1 1 0 1 0 0.8151925362569197 0
1 0 1 0 0 0 0.5823633106736302 1
1 1 1 1 0 1 0.84764652206016 0
1 1 0 1 0 1 0.999999980414871 0
1 1 0 0 1 0 0.7502445821464422 0
1 1 0 1 0 1 0 0
1 1 1 0 0 0 0.9999999443152043 0
1 1 0 0 0 0 0.9999999816616755 0
1 1 1 1 0 1 0.8028382869795868 0
1 1 1 1 0 1 0.7373423655078384 0
1 1 1 0 0 0 0.9999999668132722 0
1 1 0 0 0 0 1.0000000254390544 0
1 1 1 0 0 0 0.8309017697874232 0
1 1 1 0 0 0 0.7875582313171243 0
1 1 1 0 0 0 0.8243714753343817 0
1 0 1 1 0 1 0.5250761539850946 0
1 1 1 1 0 1 0.8480908267285856 0
1 1 1 1 0 1 0.7951294873541223 0
1 1 1 1 0 1 0.8374481952010377 2
1 1 1 1 0 1 0.8540630906861834 0
1 1 1 1 1 1 0.7476023101590274 1
1 0 1 0 0 0 0.4842177600158231 0
1 1 0 1 0 1 0.8336950802856559 0
1 1 1 0 0 0 0.999999891703798 0
1 1 1 1 1 1 0.9007120925370302 2
1 1 1 0 0 0 0.8587910202097025 0
1 1 0 0 0 0 0.8859142813310321 2
1 1 1 0 0 0 0 0
1 0 1 0 0 0 0.5379075552211666 0
1 1 1 1 0 1 0.9999999882127701 0
1 1 1 1 0 1 0.7837091567003799 0
1 1 1 0 0 0 0.8194502681062156 0
1 1 1 0 0 0 0.6774898970828322 0
1 1 1 1 0 1 0.7192075789315382 2
1 1 1 1 0 1 1.0000000015120898 0
1 1 1 0 0 0 0 0
1 1 1 1 0 1 0.5080711497839758 0
1 1 1 1 0 1 0 0
1 1 1 1 0 1 0.42320211880490094 2
1 1 1 0 0 0 0.7628804967063181 1
1 0 0 1 0 1 0.5085863758636088 0
1 1 1 1 0 1 0.6411332652922179 1
1 1 1 1 0 1 0 0
1 1 0 1 0 1 0.7561813862961951 0
1 1 1 1 0 1 0.5286556526719973 0
1 1 1 1 0 1 0.8618805899773039 0
1 1 1 1 0 1 0.9999999430868923 0
1 1 0 1 1 1 0.8179985747362779 0
1 1 1 0 0 0 0.803445185801738 0
1 1 1 1 0 1 0.712886733845381 0
1 1 1 1 0 1 0.7311283057497727 0
1 1 1 1 0 1 0.8433674260966036 0
1 1 0 0 0 0 0.7892249412749989 2
1 1 1 1 0 1 0.8393707840509156 0
1 1 1 1 0 1 0.8172759481381915 0
1 1 1 0 0 0 0.8687449626806684 2
1 1 1 0 0 0 0.7783552986232026 0
1 1 0 0 0 0 0.8235385114865549 0
1 1 1 1 0 1 0.7583127398151365 0
1 1 1 1 0 1 0.8624589939724187 0
1 0 1 0 0 0 0.5818303034239551 1
1 1 0 0 0 0 0.9999999889841168 0
1 1 1 1 0 1 1.0000000290230404 2
1 1 1 1 0 1 0.8471850023782316 0
1 1 1 0 0 0 0.8255176425236447 0
1 1 1 1 0 1 0.871152374072436 0
1 0 1 1 0 1 0.4842177600158231 0
1 1 1 0 0 0 0.7338943413442022 0
1 0 1 1 0 1 0.38063783629949677 0
1 1 0 0 0 0 0.8332947236978764 1
1 1 0 1 0 1 0.8506177351569657 0
1 1 1 0 0 0 0.7599539429046221 0
1 1 0 0 0 0 0.9999999721997243 1
1 1 1 0 0 0 0.48385065049964254 0
1 1 1 0 0 0 0.8568470235914706 0
1 1 0 0 0 0 0.7509677089983251 0
1 1 1 1 0 1 0.9999999986302726 0
1 1 1 0 0 0 0.99999994890797 0
1 1 0 1 0 1 0.8366988492924163 0
1 1 1 1 0 1 0 0
1 1 1 1 0 1 0.9999999870952654 0
1 1 0 1 0 1 0.7620215703933098 0
1 1 1 1 0 1 0.7794230402766786 0
1 1 1 1 0 1 0.8502488593868922 0
1 1 1 1 0 1 1.0000000866240455 0
1 1 1 0 0 0 0.7983691964742614 0
1 1 1 1 0 1 0 0
1 1 0 0 1 0 0.9999999981635299 0
1 1 1 0 1 0 0 0
1 1 1 1 0 1 0 0
1 0 1 0 0 0 0.38063783629949677 0
1 1 0 1 0 1 0.9999999603127934 0
1 1 1 1 0 1 0.8081196817749169 0
1 0 1 1 0 1 0.40964993622283213 2
1 1 1 0 0 0 0.8602909731367491 0
1 1 1 1 0 1 0.8584650209603473 0
1 1 0 1 0 1 1.0000000076871902 2
1 1 1 1 0 1 0.8480805856913582 0
1 1 1 0 0 0 0.7972833218862325 0
1 0 1 1 0 1 0.5728400609022212 1
1 1 1 1 0 1 0.9999999539854004 0
1 1 0 0 0 0 1.0000000051768922 0
1 1 1 0 0 0 0.8289149797891554 0
1 1 1 0 0 0 0 0
1 1 1 1 0 1 0.8664767870520903 0
1 1 1 1 1 1 0.8724591979791395 0
1 1 1 1 0 1 0.8732419923186552 0
1 1 1 1 1 1 0.9999999848941906 0
1 0 1 1 0 1 0 0
1 1 1 0 0 0 0.7833847775541307 0
1 1 1 0 1 0 0.8846543397413015 0
1 0 1 1 0 1 0.6385471453598006 0
1 1 1 0 0 0 0.8111172123280906 0
1 1 1 1 0 1 0.9999999395060754 0
1 1 1 0 0 0 1.0000000463701701 0
1 1 1 0 0 0 1.000000096508624 0
1 1 1 1 0 1 1.0000000125077664 0
1 1 1 0 0 0 1.0000000075934325 0
1 0 1 0 0 0 0.6385471453598006 1
1 1 1 1 0 1 0.7090406568084235 1
1 1 0 1 0 1 0.7896232097541062 0
1 1 1 0 1 0 0.9999999374423867 0
1 1 1 1 0 1 0.2760414491550019 0
1 1 1 0 0 0 0.7578706186521744 0
1 1 0 0 0 0 0.8146830362372411 0
1 1 1 1 0 1 0.7410097652631571 0
1 1 0 1 1 1 0.879978976202275 0
1 1 1 1 0 1 0.8767819420684928 2
1 1 1 1 0 1 0.999999942071721 0
1 1 0 0 0 0 1.0000000409333296 0
1 1 1 0 1 0 0.8653063535877158 0
1 1 1 1 1 1 1.0000000791488213 2
1 1 1 0 0 0 0.8735691427374048 0
1 1 1 1 0 1 0.7981769686253272 2
1 1 1 1 0 1 0 0
1 0 1 1 0 1 0.4368187447861382 0
1 1 1 0 0 0 0.8360143490504096 0
1 1 1 1 0 1 1.0000000014689578 0
1 1 1 0 0 0 0.8293865131175356 0
1 1 1 1 0 1 0.793363924590053 0
1 1 1 1 0 1 0.8366472905600394 2
1 1 1 0 0 0 0 0
1 1 1 1 1 1 0.8263692923695637 0
1 1 1 1 1 1 1.000000084591788 0
1 1 1 0 0 0 0.999999946608277 0
1 0 1 1 0 1 0.38063783629949677 0
1 1 1 1 0 1 1.0000000240625435 0
1 0 1 0 0 0 0.6206509019026651 2
1 1 1 1 0 1 0.8437216615326111 0
1 1 1 1 0 1 0.7248808376893953 0
1 1 0 1 0 1 0.8682907908851725 0
1 1 0 0 1 0 0.7660102421644039 0
1 1 1 1 0 1 0 0
1 1 1 0 0 0 0.8559318265869403 0
1 1 1 0 0 0 0.7678320139391565 0
1 1 1 1 1 1 0.9999999603127934 0
1 1 1 0 0 0 0.852550263580981 0
1 1 0 0 1 0 0.9999999603127934 1
1 1 1 1 0 1 0.890077725731636 0
1 1 1 1 0 1 0.8324984773212784 0
1 1 1 1 0 1 0.9999999561631722 0
1 1 1 1 0 1 0 0
1 1 1 1 1 1 0.9999999957097156 0
1 1 1 1 0 1 0.7622926873761913 0
1 1 1 1 0 1 0.7695313683370139 0
1 1 0 1 0 1 0.8138708393823268 0
1 1 0 1 1 1 1.000000001537158 0
1 1 1 1 0 1 1.0000000484264646 2
1 1 1 0 0 0 0.84430449123214 0
1 1 1 0 0 0 0.5861829622154372 0
1 1 1 1 0 1 0 0
1 1 1 0 0 0 0.810014897416258 0
1 1 1 1 0 1 0.670064790980443 0
1 1 1 1 0 1 0.8188484118697494 0
1 1 1 1 0 1 0 0
1 1 0 0 1 0 0.9999999089157906 2
1 1 1 1 0 1 0.8144431082268169 0
1 1 1 0 0 0 0.8166632786036736 0
1 1 1 0 0 0 0.8475351340340009 0
1 1 1 1 0 1 0.852365809591281 2
1 1 1 0 0 0 0.8040803273446018 0
1 1 0 0 0 0 1.0000001027060534 1
1 1 1 1 0 1 0.8129613978837648 2
1 1 1 1 0 1 0.8119369435775735 1
1 1 1 1 1 1 0.8161648982347737 0
1 1 0 0 0 0 1.0000000311250998 0
1 1 1 0 0 0 1.0000000659585169 0
1 1 0 1 1 1 0.7140196821424002 0
1 1 1 0 0 0 1.0000000472314108 0
1 1 1 1 0 1 0.8895021643763835 0
1 1 0 0 0 0 0.9999999839340505 0
1 1 1 1 0 1 0 0
1 0 1 0 0 0 0.4525100579397818 0
1 1 1 1 0 1 0.9999999965134201 2
1 1 0 1 0 1 0.9999998543540751 0
1 1 1 1 0 1 0.39518608098713015 0
1 1 1 1 0 1 0.9999999620055023 0
1 1 1 0 0 0 0.20829556704324398 0
1 1 1 1 0 1 0.7843507728004571 0
1 1 1 1 0 1 0.7536855565054634 0
1 1 1 0 0 0 0.8669188941061478 0
1 0 0 0 0 0 0.5058853547493175 1
1 1 1 1 1 1 0.7746817943331687 2
1 1 1 1 0 1 0.9003861118520133 0
1 1 1 0 0 0 0.8642759606085005 0
1 1 1 1 0 1 1.0000000464425867 2
1 1 1 1 0 1 0.8202514523004691 0
1 0 0 0 0 0 0.5818303034239551 1
1 1 1 0 1 0 0.8989001887836919 2
1 1 1 1 0 1 0.8562348226105656 2
1 0 1 0 0 0 0.40964993622283213 0
1 1 0 1 0 1 0.8319260036709972 0
1 1 1 1 0 1 0 0
1 1 0 0 0 0 0.8626622838036919 0
1 1 1 1 0 1 0.8116749789370179 0
1 1 1 1 0 1 0.7951465148438424 0
1 1 1 0 0 0 1.0000000415479418 0
1 1 1 1 0 1 0.9019955416485577 2
1 1 0 1 0 1 0.9999999972656255 0
1 1 1 1 1 1 0.813267868537508 0
1 1 0 1 0 1 0.8460129472139717 0
1 1 1 1 0 1 0 0
1 1 1 0 0 0 0.7937866964074355 0
1 1 0 1 0 1 1.0000000382970127 0
1 1 0 0 0 0 0.9999999449473618 0
1 1 1 1 0 1 0.7909178893701856 2
1 1 1 0 0 0 0.8120867596443408 0
1 1 1 1 0 1 1.0000000532064095 0
1 1 0 0 0 0 0 0
1 1 1 0 0 0 0.8714441420231993 0
1 1 0 0 0 0 0.8916471811957054 0
1 1 1 0 0 0 1.000000109893948 0
1 1 0 1 0 1 0.8279038572588544 0
1 1 1 0 0 0 1.0000000566379874 0
1 1 1 0 0 0 0.9136637318551472 0
1 1 0 0 1 0 0.8322607706194567 0
1 1 0 1 0 1 0.8471779664376581 0
1 1 1 1 0 1 0.824202538866153 0
1 1 1 1 0 1 0.8008293816421191 0
1 1 1 0 0 0 0 0
1 1 1 1 0 1 0.8234939874068306 0
1 1 0 0 0 0 0.7291156927032452 2
1 0 1 1 0 1 0.5192646442766797 0
1 1 1 1 0 1 0.8242775330499544 0
1 1 1 0 0 0 0.9999999142396371 0
1 1 1 1 0 1 0.999999941823219 0
1 1 1 0 0 0 0.7050782893570067 1
1 1 1 0 0 0 0.8565256235234954 0
1 1 1 1 0 1 0.7865479628772539 0
1 1 1 1 0 1 0.9999999713918929 0
1 1 0 1 0 1 0.841159990010525 0
1 1 1 1 0 1 0.8493529223767567 0
1 1 1 0 1 0 0.8314933965563873 0
1 1 1 0 0 0 0.7868245289242777 0
1 1 1 1 1 1 0.7702825100575433 0
1 1 1 1 0 1 0.9999999511902985 0
1 1 1 1 0 1 0.8103026816771614 2
1 1 1 0 0 0 0 0
1 1 1 0 0 0 0.8124208811289004 0
1 1 1 1 0 1 0.8460226950500837 0
1 1 1 1 0 1 1.000000044344822 0
1 1 1 1 0 1 0.8108529310957123 2
1 1 1 1 0 1 0.8092798128017481 0
1 1 1 0 0 0 0.6831048365163231 0
1 1 1 1 0 1 0 0
1 1 1 0 0 0 1.00000006818692 0
1 1 0 1 1 1 0.8552814807361725 0
1 1 1 1 0 1 0.9999999710725092 0
1 0 1 0 0 0 0.5818303034239551 1
1 1 1 1 0 1 0.8990419058699194 0
1 1 0 1 0 1 0.7295593677667541 0
1 1 1 1 0 1 0.8040402591554285 0
1 1 1 0 0 0 0.6131603687212535 1
1 1 1 0 1 0 0.9999999739260287 0
1 1 1 0 0 0 0 0
1 1 1 0 0 0 0.7944837004704287 0
1 1 1 1 0 1 0 0
1 1 1 0 0 0 0.6998462961984766 2
1 1 1 1 0 1 0.9999999985090811 2
1 1 1 1 0 1 0.7857525988684003 1
1 1 0 0 0 0 0.8506939030649485 0
1 1 1 1 1 1 1.000000011998705 0
1 0 0 0 0 0 0.4659280926441335 1
1 1 1 1 1 1 0.8475118754773407 0
1 1 1 1 0 1 0.8256162385168485 0
1 0 0 0 0 0 0.5818303034239551 1
1 1 1 1 0 1 0.8916013509279549 0
1 1 1 0 0 0 0.46638108902335257 0
1 1 0 1 0 1 0.8440424491283035 0
1 1 1 1 0 1 0.8388906984919755 0
1 1 1 1 0 1 0.864504385453394 0
1 1 1 1 0 1 0.8475846104516779 0
1 1 1 0 0 0 1.0000000558294808 0
1 1 1 1 0 1 0.2773279099342627 0
1 1 0 1 0 1 0.8205809065138555 2
1 1 1 0 0 0 0 2
1 1 1 0 0 0 0 0
1 1 1 1 0 1 0.9999999328812259 0
1 1 1 0 0 0 0.9999999593610817 0
1 1 0 1 0 1 0.9999999577886894 0
1 1 1 1 0 1 0.8011225625222552 0
1 1 1 1 0 1 0.8277735712745401 0
1 1 1 1 0 1 0.7413397789996475 0
1 1 1 1 0 1 0.839461194001525 2
1 1 1 1 0 1 0.8452245709016621 2
1 1 1 1 0 1 0.9999999677786424 0
1 1 1 1 1 1 0 0
1 1 0 0 0 0 0.9999999109778845 0
1 1 1 0 0 0 0.7955114623984356 0
1 1 0 1 0 1 0.7925001379380207 0
1 1 1 0 0 0 0.30335874360086185 0
1 1 1 0 0 0 0.8424788804503031 0
1 1 1 1 0 1 0.8370527352411283 0
1 1 1 0 0 0 0.9999999120327367 0
1 1 1 0 0 0 1.0000000822506976 0
1 1 1 1 0 1 0.8764503506260314 0
1 1 1 1 0 1 0.8529533507829385 0
1 1 0 1 1 1 0.8071622798790882 0
1 1 1 1 0 1 0.8061630315135982 0
1 1 1 1 0 1 0 0
1 1 1 0 0 0 1.0000000421874051 0
1 0 1 1 0 1 0.5085863758636088 2
1 1 1 0 0 0 0.8570634648115851 0
1 1 1 0 0 0 0.99999994447273 0
1 1 1 0 1 0 0 0
1 1 1 1 0 1 0.7897312695010743 0
1 1 1 1 0 1 0.8863133606369312 0
1 1 1 1 0 1 0.8162398899328847 2
1 1 1 0 0 0 1.0000000194961525 0
1 1 1 1 0 1 0.7562715261871641 2
1 1 1 1 0 1 0.9999999426017335 2
1 1 1 1 0 1 0.7917046969716443 1
1 1 1 0 0 0 0.49723046243183605 0
1 1 1 1 0 1 0.8151346086503706 0
1 1 1 1 0 1 0.8559648272299408 0
1 1 1 1 0 1 0.8149066532936825 0
1 1 1 1 1 1 0.8068006339058641 2
1 1 1 1 0 1 0.8646113646554793 0
1 1 1 0 0 0 1.0000000368986668 0
1 1 1 1 0 1 0.7877475879889841 0
1 1 1 1 0 1 0.6698663633042992 0
1 1 1 1 0 1 0.872742784046189 2
1 1 1 1 0 1 0.8188062965056428 0
1 0 1 1 0 1 0.5818303034239551 1
1 1 1 1 1 1 0.9999999243055817 1
1 1 0 1 1 1 0.8671345974478472 0
1 1 0 1 0 1 0.8379734030586532 0
1 1 1 1 0 1 0.7871095481202951 0
1 0 1 1 0 1 0.5552919391751697 0
1 1 1 1 0 1 0.882320949163988 0
1 1 1 1 0 1 0.7857525988684003 0
1 1 0 1 0 1 0.8095531457242349 0
1 1 1 1 0 1 0 0
1 1 1 1 0 1 0.40205705609558184 0
1 1 1 1 0 1 0.4341501590770459 1
1 1 1 0 0 0 0.9999999935163222 0
1 1 1 0 1 0 0.8136425273688825 0
1 1 0 0 0 0 0.9999999398437616 0
1 1 1 0 0 0 0.7913622382511843 0
1 1 1 1 0 1 0.9999999656571695 0
1 1 1 1 1 1 0.8154323229832102 2
1 1 0 0 0 0 0.7817231941922202 0
1 1 1 0 0 0 0.9093455301507872 0
1 1 1 1 0 1 1.0000000142026353 0
1 1 1 0 0 0 0.755474031227452 0
1 1 0 1 0 1 0.7885527996192475 0
1 1 1 1 0 1 1.0000001051514107 0
1 1 1 1 0 1 0.8270680946303346 0
1 0 1 1 0 1 0.5749937189419034 1
1 1 1 1 0 1 1.000000065931558 0
1 0 0 0 0 0 0.5058853547493175 1
1 0 1 0 0 0 0.5818303034239551 1
1 1 1 1 0 1 0.6863372935947543 1
1 1 1 1 0 1 0.9999999728131831 0
1 1 0 1 0 1 0.9999999611731175 0
1 1 1 1 0 1 0.5161492091802867 1
1 1 1 0 0 0 0.999999876187533 0
1 1 0 1 0 1 0.8423357053945016 0
1 0 1 0 0 0 0.5085863758636088 1
1 1 1 1 0 1 0.7626076224330698 0
1 1 1 0 0 0 0.7709974205625693 0
1 0 1 1 0 1 0.5192646442766797 2
1 1 1 1 0 1 0.8536365327690769 0
1 1 1 1 0 1 0.315776948801037 0
1 1 1 1 1 1 0.8743475377794034 0
1 1 1 1 0 1 0.7595788200296495 1
1 1 1 1 1 1 0.8254123094017515 1
1 1 1 1 1 1 0.9999999993616545 0
1 1 0 1 1 1 1.0000000486538527 0
1 1 0 0 0 0 0 0
1 1 1 1 1 1 1.0000000561316527 0
1 0 1 0 0 0 0.4842177600158231 0
1 1 1 1 0 1 0.7345487470367559 0
1 1 0 1 0 1 0.8021784349254661 0
1 1 0 0 0 0 0.7735461626383161 0
1 1 1 1 1 1 1.0000000090090182 0
1 1 0 0 0 0 0.6197590892954824 1
1 1 0 0 0 0 0.7619196961200023 0
1 1 1 1 0 1 0.7894440929902562 0
1 1 1 1 0 1 0.8227733450918941 0
1 1 1 0 0 0 0.8341205950911521 0
1 1 1 1 0 1 0.9999999054994367 0
1 1 1 1 0 1 0.8308117824282055 0
1 1 1 1 0 1 0 0
1 1 1 0 0 0 0.9999999328896407 0
1 1 1 0 0 0 0.7292202455532905 0
1 1 0 0 0 0 0.9999999721997243 2
1 1 1 1 0 1 0.7974836730233379 0
1 1 1 1 0 1 1.0000000197770622 0
1 1 1 1 0 1 0 0
1 1 1 1 0 1 0.9119426501050903 0
1 1 1 1 0 1 0 0
1 1 1 1 0 1 0.8149944561054734 0
1 1 1 1 1 1 0.9999999672507076 0
1 1 0 0 0 0 0.7185618808671086 0
1 1 1 1 0 1 1.0000000672391098 0
1 1 1 1 0 1 0.8092294697585533 1
1 1 1 1 0 1 0.3269906350772357 0
1 1 1 0 0 0 0.6615535169616235 0
1 1 1 1 0 1 0.8491358279492518 0
1 1 0 1 0 1 0.8427332448795929 0
1 1 1 0 0 0 0.6657586264813097 0
1 1 1 1 1 1 1.0000000656277097 0
1 1 0 0 0 0 0.8266687302546625 0
1 0 1 1 0 1 0.6385471453598006 1
1 1 0 0 0 0 1.0000000274675525 2
1 1 1 1 1 1 0 0
1 1 0 0 0 0 1.000000043141458 0
1 1 1 0 0 0 0 0
1 1 1 1 1 1 0.8161961400656375 0
1 1 1 0 0 0 0.7730755958654972 0
1 1 1 0 0 0 0.8820397461895895 0
1 1 1 1 0 1 0.8246718513375533 0
1 1 1 1 0 1 0.7975377337005326 1
1 0 1 0 0 0 0.5085863758636088 2
1 1 1 1 0 1 0.43437563526228223 0
1 1 1 1 0 1 0.9999999949189863 0
1 1 0 1 0 1 0.6668070447639349 0
1 1 1 1 0 1 0 0
1 1 1 1 0 1 0.8567257576646516 2
1 1 1 1 0 1 0.7728363167979985 0
1 1 1 1 0 1 0.28655607133558597 0
1 1 1 1 0 1 0.9999999842684614 0
1 1 0 0 0 0 0 2
1 0 1 0 0 0 0.5818303034239551 2
1 1 1 1 0 1 0.8007034045140512 0
1 1 1 0 0 0 0.8342603478799184 0
1 1 1 0 0 0 0.7254039639071055 0
1 1 1 0 0 0 0.8515630929270819 0
1 1 1 0 0 0 0.8372290101049638 0
1 1 1 0 0 0 0 0
1 1 1 0 1 0 0.8780893486501494 0
1 1 0 1 0 1 0 0
1 1 0 1 0 1 0.9999999860347302 0
1 1 1 0 1 0 0.7901150005801448 0
1 1 0 1 0 1 0.8023301629846862 0
1 0 1 1 0 1 0.5085863758636088 2
1 1 1 1 0 1 0.8270100809061229 0
1 1 1 1 0 1 1.0000000361279389 0
1 1 1 1 0 1 0.39687423366952873 0
1 1 1 0 1 0 0.7302529342628322 0
1 1 1 1 0 1 0.8022005941505196 0
1 1 1 1 0 1 0.8424387506278407 0
1 1 1 0 0 0 0 0
1 1 0 1 0 1 0.836660564845803 0
1 1 1 1 0 1 0 0
1 1 1 1 0 1 0.9999999730388627 2
1 1 1 1 0 1 0.7742334774686982 0
1 1 1 1 0 1 0.7363261656195209 0
1 1 1 1 0 1 0.8062460412442716 2
1 1 1 1 0 1 0.8265522241675949 1
1 1 1 1 0 1 0.8057876346358296 0
1 1 1 1 0 1 0.9999998592259441 0
1 1 0 1 0 1 1.0000000198459849 0
1 1 1 0 0 0 0.7839030753233477 0
1 1 1 0 0 0 0.9502525095133979 0
1 1 1 0 0 0 0.7651097240983874 1
1 1 1 1 0 1 0.9999999930636602 0
1 1 0 1 0 1 0.8658546283336874 0
1 1 1 1 0 1 0.9999999562084048 0
1 1 1 1 0 1 0.8128146569520974 0
1 1 1 1 1 1 1.0000000765854484 0
1 1 0 1 1 1 0.9999999366340564 1
1 1 1 0 0 0 0 0
1 1 1 1 0 1 0.3039645963516615 0
1 1 1 0 0 0 1.0000000006059286 0
1 1 1 1 0 1 1.000000048085665 0
1 1 0 1 1 1 0.8336351004001753 2
1 1 1 1 0 1 0.7934848280998416 0
1 1 1 1 1 1 0 2
1 1 1 1 0 1 0.9999999808214387 0
1 1 1 1 0 1 0.7169657114780086 0
1 1 1 0 0 0 0.8353884510699995 0
1 1 1 0 1 0 1.000000049982762 0
1 1 1 1 0 1 1.000000060574213 0
1 1 1 1 0 1 1.0000000254390544 0
1 1 1 1 0 1 0.9999999662634066 2
1 1 1 1 0 1 0.8920442373454066 0
1 1 1 0 0 0 0.12920244639028633 0
1 1 1 1 0 1 0.9999999627715119 0
1 1 1 1 0 1 0.7484980025914405 1
1 1 1 1 0 1 0.7647817309321117 2
1 1 0 0 0 0 0.9131935371245697 0
1 1 1 1 0 1 0.716362950653541 0
1 1 1 1 0 1 0.8167559383004959 0
1 1 0 0 1 0 1.0000000089457637 0
1 1 1 1 0 1 0.999999941823219 0
1 0 1 0 0 0 0.5597883289523725 2
1 0 1 0 0 0 0.5058853547493175 2
1 1 1 0 0 0 0.9999999837104776 0
1 1 1 0 0 0 0 0
1 1 1 1 0 1 1.0000000138498286 0
1 1 1 1 0 1 0.8509459831570222 0
1 1 1 0 0 0 1.000000007647653 0
1 1 0 0 0 0 0.9031945183334009 2
1 1 1 1 0 1 0.9999999826656188 0
1 1 0 1 0 1 0.8347263118335827 0
1 1 1 1 0 1 1.0000000077298483 0
1 1 1 1 0 1 0.7748706409113852 2
1 0 1 0 0 0 0.39377864752864766 0
1 1 1 1 0 1 0.9307463450634199 0
1 1 1 1 0 1 0.9999999858153077 2
1 1 1 0 0 0 0.7654978194881481 0
1 1 1 0 0 0 0.999999947568126 0
1 1 1 1 0 1 0.9999999398324018 0
1 0 1 1 0 1 0.5379075552211666 0
1 1 0 1 0 1 0.7296523047197234 0
1 1 1 1 1 1 0.8048892118070612 0
1 1 1 1 0 1 0.8001516901295362 0
1 1 1 1 1 1 0.8332077204511201 0
1 1 1 0 0 0 0.999999980414871 0
1 1 0 1 0 1 0.7949833137740763 0
1 1 1 1 0 1 0.8006328391709827 0
1 1 0 1 0 1 1.0000000090090182 0
1 1 1 1 0 1 0.8374481952010377 2
1 1 1 0 0 0 1.000000052312402 0
1 1 1 1 0 1 0.7562083412455569 0
1 1 0 0 0 0 0 0
1 1 1 1 0 1 0.6694496330391305 2
1 1 1 1 0 1 0 0
1 0 1 1 0 1 0.5085863758636088 0
1 1 1 1 0 1 1.0000000306697805 0
1 1 1 1 0 1 0.8175276902829701 0
1 1 1 1 0 1 0.8266294244380484 0
1 1 1 0 0 0 0.7016463051418508 0
1 1 1 1 0 1 0.7845395183524803 0
1 1 1 0 0 0 0.8179671480238515 0
1 1 0 1 0 1 0.9999999021681236 0
1 1 1 0 0 0 0.9999999822778286 0
1 1 1 0 0 0 0 0
1 0 1 0 0 0 0.5085863758636088 0
1 0 1 0 0 0 0.42502346708434374 2
1 1 1 0 1 0 0.8104941846201187 0
1 1 1 0 0 0 1.0000000160895082 0
1 0 1 0 0 0 0.4842177600158231 0
1 1 0 1 0 1 0.8450882469305229 0
1 1 1 1 0 1 0.7530160650018383 0
1 1 1 1 1 1 0.634044118031596 0
1 1 0 0 0 0 0.8787542244629848 0
1 1 1 0 1 0 0.7497426604160269 0
1 1 1 1 0 1 0.8142048873400162 0
1 1 1 0 0 0 0.9999999546402603 2
1 1 0 0 0 0 1.0000000218603995 0
1 1 1 1 0 1 0.8788732497841463 0
1 1 0 0 0 0 0.7630437937917502 0
1 1 1 1 0 1 0.8964241940110026 0
1 1 1 1 0 1 0.860986391436591 0
1 1 1 1 0 1 0.8453569082215857 0
1 1 1 1 0 1 0.715648307327753 0
1 1 1 0 0 0 0.99999998132722 0
1 1 0 0 0 0 1.000000041380437 0
1 1 1 1 0 1 0.8688037524182445 2
1 0 1 1 0 1 0.5513754449317372 1
1 1 1 1 0 1 0.9999999221662902 0
1 1 1 1 0 1 0.8456995723231966 2
1 1 1 1 0 1 0.9999999639789326 0
1 1 1 1 0 1 0.9999999662634066 2
1 1 0 0 0 0 1.0000000345461528 0
1 1 1 1 0 1 0.7757791989265769 0
1 1 1 0 0 0 0.9999999851492088 0
1 1 0 1 0 1 0.7024668242718731 0
1 1 0 1 0 1 0.7379941684258449 0
1 1 1 0 0 0 0.6473928670401123 0
1 1 1 1 0 1 0.8149617095728062 2
1 1 1 1 0 1 1.0000000109058997 2
1 1 1 1 0 1 0.999999923148059 2
1 1 1 1 0 1 0.9999999719108729 0
1 1 1 0 1 0 0.8754573210933695 0
1 1 1 1 0 1 1.0000001056318641 0
1 1 1 1 0 1 0.7976693457257136 0
1 1 1 1 0 1 0.8491868419874405 2
1 1 1 1 0 1 1.0000000102850852 0
1 1 1 1 0 1 0.8503877973025401 0
1 1 1 0 0 0 0.7997949456983051 0
1 0 1 0 0 0 0.6385471453598006 0
1 1 0 0 0 0 0.7112959425170612 2
1 1 1 1 0 1 0.7917586691170994 0
1 1 1 0 0 0 0.8390113615262036 0
1 0 1 0 0 0 0.5099915418147863 2
1 1 1 1 0 1 1.0000000865186562 2
1 1 1 1 0 1 0.8670973999535097 0
1 1 0 0 0 0 0.999999993575879 2
1 1 0 0 1 0 1.0000000704393435 0
1 1 0 1 0 1 0.9999999868742951 0
1 1 1 1 0 1 0.9999999567413762 0
1 1 1 0 0 0 0.9999999790334022 0
1 1 1 1 1 1 0.8033665741040867 0
1 1 1 1 0 1 0.8713348116974683 2
1 1 0 0 0 0 1.000000057553951 0
1 1 1 1 0 1 0.8658068258791818 0
1 1 1 1 0 1 0 0
1 1 1 1 0 1 0 0
1 1 1 1 0 1 0.8384521348020617 0
1 1 1 0 1 0 0 0
1 1 1 1 0 1 0.8430968925193549 0
1 1 1 1 0 1 0.8343743782047846 0
1 1 1 1 0 1 0.8440855145294617 0
1 1 1 1 0 1 0.8237362330946231 0
1 1 0 1 0 1 0.9999999926966204 0
1 1 1 0 0 0 0.8501859739496238 0
1 1 1 1 0 1 1.0000000112424776 0
1 1 1 1 1 1 0.8253188527448395 0
1 0 1 1 0 1 0.5565918997902354 0
1 1 1 1 0 1 0.799339088027718 0
1 1 1 0 0 0 0.8928967452704376 0
1 0 1 1 0 1 0.40964993622283213 1
1 1 1 0 0 0 0.779704939873379 0
1 1 1 0 0 0 0.8201358190793845 0
1 1 1 0 0 0 0.8274634880540155 0
1 1 0 1 0 1 0.7138907204025292 0
1 1 0 1 0 1 0.9999999713317125 0
1 1 1 1 0 1 0.5877500329669 0
1 1 1 1 0 1 0 0
1 1 1 1 1 1 1.0000000354906782 2
1 1 1 1 1 1 1.0000000097239246 0
1 1 1 1 0 1 0.6803948297626056 0
1 1 1 0 0 0 0.8712206234274378 0
1 1 1 0 0 0 1.0000000151191069 0
1 1 1 1 0 1 0.8221857880056923 0
1 0 1 1 0 1 0.5085863758636088 2
1 1 0 1 0 1 0.9999999359627996 0
1 1 1 0 0 0 0.9999999592432575 0
1 1 1 1 0 1 0.9085083242411569 2
1 1 1 0 0 0 0 0
1 1 1 0 0 0 0.7548184629863417 0
1 1 1 1 0 1 0.999999993273494 0
1 1 1 1 0 1 0.8687449626806684 0
1 1 1 0 0 0 0.811450834424541 0
1 1 1 0 0 0 0.8534787820826135 0
1 1 0 1 1 1 0.9999999640961055 0
1 0 1 1 0 1 0.6377538625523269 1
1 1 1 0 0 0 0.8478726333957887 0
1 1 1 1 0 1 0.3357582683680976 0
1 1 1 1 1 1 0.8144424755113947 0
1 1 0 1 1 1 1.000000037650633 0
1 0 1 0 0 0 0.5085863758636088 2
1 1 1 1 0 1 0.42666775370740767 0
1 1 1 1 0 1 0.844539006754473 0
1 1 1 0 0 0 1.0000000074530477 0
1 1 0 1 0 1 0.7084852224483118 0
1 0 1 0 0 0 0.5818303034239551 1
1 1 0 0 0 0 0.9999999755741743 0
1 1 1 0 0 0 1.0000000090090182 2
1 1 1 0 1 0 0.7197993122654351 0
1 1 0 1 0 1 0.7447891681655349 0
1 1 0 1 0 1 0.9999999047844237 1
1 1 1 1 0 1 1.0000000864313574 0
1 1 1 1 0 1 0.7504057221408938 1
1 1 1 0 0 0 0.7741997432350167 1
1 0 1 1 0 1 0.60149499364176 2
1 1 1 0 0 0 0.9999998953149366 0
1 1 1 1 0 1 0.9999999984580747 0
1 1 1 1 0 1 0.44564141365406584 2
1 1 1 1 0 1 0.9098302151414475 0
1 1 1 0 0 0 1.0000000034039964 0
1 1 1 1 0 1 0.7534190514944114 2
1 1 1 1 0 1 0 2
1 1 1 1 0 1 0.8705501223648577 0
1 1 1 0 0 0 0.8482330609955128 0
1 1 1 0 0 0 0.7756238971570041 0
1 1 1 0 0 0 0.9999999082682608 1
1 1 1 1 0 1 0.7791780116955729 0
1 1 0 0 0 0 0.8297848101232452 1
1 1 1 0 0 0 0 0
1 1 1 0 0 0 0.9999999728131831 0
1 1 1 1 1 1 0.7571517195925009 0
1 1 0 1 1 1 0.7678298485623486 0
1 1 1 1 0 1 0.8887973620459032 0
1 1 1 1 0 1 0.85057727641808 0
1 1 1 1 0 1 0.8561716374421627 2
1 1 1 1 0 1 0.8387358838177247 0
1 0 0 0 0 0 0.6625261670992277 2
1 1 1 1 0 1 0.7877826127273426 0
1 1 1 1 0 1 0.8520994299858022 0
1 1 0 0 0 0 0.9999999604866605 0
1 1 1 0 1 0 0.8151094332198623 0
1 1 1 1 0 1 0.8621126966469705 0
1 0 1 1 0 1 0.6385471453598006 0
1 1 1 1 0 1 0.9999999976506365 2
1 1 1 1 1 1 0.9999999603127934 0
1 1 1 1 0 1 0.8728131045507777 0
1 1 0 1 0 1 1.0000000647876062 0
1 1 1 1 0 1 0.3492282279992602 0
1 1 1 0 0 0 0.5728182469743788 2
1 1 1 0 0 0 0.9028490649399181 0
1 1 1 0 1 0 0.8620678580051326 0
1 1 1 0 1 0 0.7817577568805013 0
1 1 1 0 0 0 0.8955687112228964 0
1 1 1 1 0 1 0.8287743673042415 0
1 1 1 0 0 0 0.9999999415681936 0
1 1 1 1 1 1 0 0
1 1 1 0 0 0 0.9999999861040851 0
1 1 1 1 0 1 0.9999999400069263 0
1 1 1 1 0 1 1.0000000175595631 2
1 0 1 1 0 1 0.5552919391751697 0
1 1 1 0 0 0 0.9999999749805198 0
1 1 1 1 0 1 0.7279297530711765 0
1 0 1 1 0 1 0.5513754449317372 2
1 0 1 1 0 1 0.47668967595258155 2
1 1 1 0 0 0 0.8380486641425016 0
1 1 1 0 0 0 0.9999999674546592 0
1 1 0 0 1 0 0.7504747233242515 0
1 1 1 1 1 1 1.000000008240315 1
1 1 1 1 0 1 0.9999999475021897 2
1 1 1 1 0 1 0.9999999695144983 0
1 1 0 0 0 0 0.8354513436792341 0
1 1 1 1 0 1 0.9112722738984049 2
1 1 1 1 0 1 0 0
1 1 1 1 1 1 0.8390135039113255 0
1 0 1 0 0 0 0.5192646442766797 1
1 1 1 1 0 1 0.7602240241867452 0
1 1 1 0 0 0 1.0000000077117535 0
1 1 1 1 0 1 0.8078356898450262 0
1 1 1 0 0 0 0.8084560882955195 0
1 1 1 0 0 0 1.000000014897833 0
1 1 1 1 0 1 0.8455983924633191 2
1 1 1 1 0 1 0.8520170810300881 0
1 1 1 0 0 0 0.9999999704410281 0
1 1 1 1 0 1 0.8135908811132601 0
1 1 1 1 0 1 0.8844570774544445 2
1 1 1 1 0 1 0.7483100248655962 0
1 1 1 1 0 1 0.40836519950487027 0
1 1 1 0 1 0 0 0
1 1 1 1 0 1 0.7407339282711626 0
1 1 1 1 0 1 0.9999999829291142 0
1 1 0 0 0 0 1.000000010304643 0
1 1 1 1 0 1 0.9999999629703845 0
1 1 1 0 0 0 0.8260871938232276 0
1 1 1 1 0 1 0.9999999424232756 0
1 1 1 0 0 0 0 0
1 1 0 1 0 1 0.8711232351478407 0
1 1 1 1 0 1 0.8365356276835441 0
1 1 1 1 0 1 0.5059156983210855 0
1 1 1 1 0 1 0.3727315774818536 0
1 1 1 1 0 1 0.790176347750973 0
1 1 1 0 0 0 0 0
1 1 1 0 0 0 0.8064475818499985 0
1 1 0 1 0 1 0.737030973251307 0
1 0 1 1 0 1 0.5818303034239551 1
1 1 1 1 0 1 0.8583572385047736 2
1 1 1 1 0 1 0.7578489244939376 0
1 1 1 1 0 1 0.8908039340582539 2
1 1 1 1 0 1 0.8159093778316502 0
1 1 1 1 0 1 0.7879408572836822 0
1 1 1 1 0 1 1.000000027292674 2
1 1 0 0 0 0 0.8447419899305075 0
1 1 0 1 0 1 0.8723466661123374 0
1 1 1 1 0 1 0.49945346605904795 0
1 1 0 1 0 1 0.8531770947474988 0
1 1 1 1 0 1 0.8277302689253989 0
1 1 1 0 0 0 0.9999999833980892 0
1 1 1 1 0 1 0.7579129308922615 2
1 1 1 0 0 0 0 0
1 1 1 1 1 1 0.777178357783904 2
1 1 1 1 0 1 0.9999999589493282 0
1 1 1 0 0 0 1.0000000005100562 0
1 1 1 0 1 0 0.822932133504541 0
1 1 1 1 0 1 0.9999999865532031 0
1 0 1 1 0 1 0.4842177600158231 0
1 1 1 1 0 1 0.820040762683824 0
1 1 1 1 0 1 0.999999993263695 0
1 1 1 0 0 0 0.8780053721488944 0
1 1 1 0 1 0 0 0
1 1 1 1 0 1 0.7236976059203653 0
1 1 1 0 0 0 0.886953686773007 0
1 1 1 1 0 1 0 0
1 1 1 0 0 0 0 0
1 1 1 0 1 0 0 0
1 1 1 0 0 0 0.9999999995804779 0
1 1 0 0 0 0 0.8843810060319058 2
1 1 1 1 0 1 0.8137994632414057 0
1 1 0 1 0 1 0.8075533246126524 0
1 1 1 0 0 0 0.7928289499296447 0
1 1 1 1 0 1 0.9999999932103716 0
1 1 1 1 0 1 0.8751556674630363 0
1 1 1 0 1 0 0 0
1 1 1 0 0 0 1.0000000750855742 0
1 1 1 0 0 0 0.9999999810492995 0
1 1 1 1 0 1 0.7308608453115789 0
1 1 1 0 0 0 0.7622150978387364 0
1 1 1 1 0 1 0.9999999544165611 0
1 1 1 0 0 0 0.4698161897573884 0
1 1 1 0 0 0 0.8995139403141413 0
1 1 1 1 0 1 0.7874443021140382 0
1 1 1 1 0 1 0.4824399960444313 0
1 1 0 0 1 0 0.7379215987984903 1
1 1 1 1 0 1 0.7377681817355819 0
1 1 1 1 0 1 0.7961774778327214 2
1 1 1 1 0 1 0.7693600413320072 0
1 1 1 0 0 0 0.7099185145792432 0
1 1 1 1 0 1 0.9332018084199322 2
1 1 1 0 0 0 0.2839437230906456 0
1 1 0 0 0 0 0.8751987667645813 0
1 1 1 1 0 1 0.8123212304332622 2
1 1 0 1 0 1 0.8063214871493045 0
1 0 1 1 0 1 0.38169140837568344 2
1 1 1 1 1 1 0.8145993773179916 0
1 1 1 1 0 1 0.8684018266157166 2
1 1 0 1 0 1 0.820329217186015 1
1 1 0 1 0 1 0.7566900722001126 0
1 1 0 1 1 1 0.8740573578856121 0
1 1 1 1 0 1 0.9191812004828199 0
1 1 1 1 0 1 1.0000000317914643 0
1 1 1 1 0 1 1.000000089978605 2
1 1 1 0 0 0 0.7276981077336746 0
1 1 1 1 0 1 0.8496309050023652 0
1 1 1 1 0 1 0.7996288835300267 0
1 1 1 1 0 1 0 0
1 1 1 0 0 0 0.9999998929749061 0
1 1 1 1 0 1 0.8428942617661906 0
1 1 0 1 0 1 1.0000000134402287 0
1 1 1 1 0 1 0.8085012792863387 2
1 1 1 1 0 1 0.5426966501868989 0
1 1 0 1 0 1 0.7463150743532138 0
1 1 0 0 1 0 0.8405760520006651 0
1 1 1 1 0 1 0 0
1 1 0 1 0 1 0.7842514976164614 0
1 1 1 0 1 0 0.8918414636443642 0
1 1 1 1 0 1 1.0000000048944748 0
1 1 1 1 0 1 0.8187006636371854 0
1 1 1 1 0 1 0.8560593491457817 0
1 1 1 1 1 1 1.0000000023114122 0
1 1 1 1 1 1 0.823300927900992 2
1 1 1 1 0 1 0.8299157814106976 2
1 1 1 1 0 1 0.7952201394724439 0
1 1 1 1 1 1 1.0000000309149084 0
1 1 0 1 0 1 0.9236192242904928 0
1 1 1 1 0 1 0.8760984928014857 0
1 1 1 0 0 0 0.3939498064500556 0
1 1 1 0 0 0 0.6314969833584866 0
1 1 0 1 0 1 0.9999999883534992 0
1 1 1 0 0 0 0.9999999651957103 1
1 1 1 0 0 0 0.6564367767521231 0
1 1 0 0 0 0 0.8797412058462853 0
1 1 1 1 0 1 0.7949003423147056 0
1 1 1 0 0 0 0 0
1 1 1 0 0 0 0.9999999904157978 0
1 1 1 1 0 1 0.739693277740237 0
1 0 1 0 0 0 0.4328153656564455 1
1 1 1 1 0 1 0.8157188540434891 0
1 1 1 1 0 1 0.6619812150747424 0
1 1 1 1 0 1 0.8682257170595267 2
1 1 1 1 0 1 0.7691729370397893 0
1 1 1 1 0 1 0.8824456141561414 0
1 1 1 1 0 1 1.0000000393755197 2
1 1 0 0 0 0 0.8411948761692023 0
1 1 1 1 1 1 0.8620806499332324 2
1 1 1 0 0 0 0.6377082338277027 2
1 1 1 1 0 1 0.576739511431206 0
1 1 1 0 0 0 0.8421644418259567 2
1 1 1 0 0 0 0.8113809080569973 2
1 1 1 0 0 0 0 0
1 1 1 0 0 0 0.9999999673803575 0
1 1 1 1 0 1 1.0000000171708165 0
1 1 1 0 0 0 1.0000000339047463 0
1 0 1 1 0 1 0.5085863758636088 1
1 1 1 1 0 1 0.3422626229369543 0
1 1 1 1 0 1 0.8477359660286155 0
1 1 1 1 0 1 0.7330304859203027 0
1 1 1 1 0 1 0.9999999475021897 0
1 1 1 0 0 0 0.9999998555737897 0
1 1 1 1 0 1 0.9999999359594839 2
1 1 1 0 0 0 1.0000000169665748 0
1 1 1 0 1 0 0.8196775968336341 0
1 1 0 1 0 1 0.44323836541498657 0
1 1 1 0 0 0 0.8517898941526939 0
1 1 1 1 0 1 0.7760102322366457 0
1 1 1 1 0 1 0.99999994890797 0
1 1 1 1 0 1 0.5833362208455375 1
1 1 1 0 0 0 0.999999993263695 0
1 1 1 0 0 0 1.0000000067912527 0
1 1 1 1 0 1 0.810953303571343 0
1 1 1 1 0 1 0 2
1 1 1 1 0 1 0.8406975297958481 2
1 1 1 1 0 1 0.9013922370678321 0
1 1 1 0 0 0 0 0
1 1 1 1 0 1 0.7563438410378847 0
1 1 0 0 0 0 1.0000000134402287 0
1 1 1 1 0 1 0.793478724117779 2
1 1 1 0 1 0 0.8429241010773395 0
1 1 1 1 0 1 0.6943965432470761 0
1 0 1 0 0 0 0.5379075552211666 0
1 1 1 1 0 1 0.754945504113826 0
1 1 1 1 0 1 0.8602066579792799 0
1 1 0 0 0 0 0.9999999693441921 0
1 1 1 1 0 1 0.7915042490090797 0
1 1 1 1 0 1 0.3322788320152445 0
1 1 1 0 0 0 0.2888414133967266 0
1 1 1 0 0 0 0.9999999271766922 0
1 1 0 1 0 1 0.8550440751670513 0
1 1 1 0 0 0 0.8440579343432719 2
1 1 1 0 0 0 1.000000000806862 0
1 1 1 1 0 1 0.8019806828027591 0
1 1 1 0 0 0 0.8705520516063872 0
1 1 1 0 0 0 0.7784049680935071 0
1 1 1 0 0 0 0.9999999943867589 0
1 1 1 0 0 0 1.000000010417922 0
1 1 0 0 1 0 0.8542111467598417 2
1 1 1 1 0 1 0 0
1 1 1 0 0 0 0.8392140493063072 0
1 1 1 0 0 0 0.999999954682196 0
1 1 1 1 0 1 0.7832176777009068 0
1 1 1 1 1 1 0.7912671224583644 0
1 1 1 1 0 1 0.8817554229172827 2
1 1 0 0 0 0 0.736641131822755 0
1 1 0 1 0 1 0.9999999378081115 0
1 1 1 1 1 1 0.8049375331047279 1
1 1 1 1 0 1 0.22022320156955205 1
1 1 0 1 0 1 0.8781444328990076 0
1 1 1 1 0 1 0.7170318768437526 2
1 1 1 1 0 1 0.8451830853143562 2
1 1 1 0 0 0 0.3148776349619499 0
1 1 1 1 0 1 1.000000012445053 0
1 1 1 1 0 1 0.8448554011386104 0
1 1 0 0 0 0 1.0000000458717588 0
1 1 1 1 0 1 0.6643191171038615 0
1 1 1 1 0 1 0.8518062350672734 0
1 1 1 0 0 0 1.0000000463348617 0
1 1 1 0 0 0 0.8131204411138009 0
1 1 1 0 0 0 0.7889854720691796 0
1 1 0 1 0 1 0.9312407784564798 0
1 1 1 0 1 0 0.9999999728131831 0
1 1 1 0 0 0 0.8498488262638102 0
1 0 1 0 0 0 0.5535853044295288 2
1 1 1 1 0 1 0.6590639911365175 0
1 1 1 0 0 0 1.0000000134402287 0
1 1 1 0 0 0 1.0000000612267936 2
1 1 0 1 0 1 0.8689497202271937 0
1 1 1 1 0 1 0.6641720268516585 0
1 1 1 1 0 1 0.7971475736509384 2
1 0 1 0 0 0 0.5643310353144685 2
1 1 1 0 0 0 0 0
1 1 1 1 0 1 0.829085691934888 0
1 1 0 0 0 0 0.7187308787503272 0
1 1 1 0 0 0 0.9999999869762833 0
1 1 1 1 0 1 0 0
1 1 1 0 0 0 1.000000015251842 0
1 1 1 1 0 1 1.0000000310230321 0
1 1 1 1 0 1 1.0000000503524464 0
1 1 1 1 0 1 0.49559439588122217 1
1 1 1 0 0 0 1.0000000099665571 0
1 1 1 0 0 0 0.7732628127268383 0
1 1 1 0 0 0 0.358272767645881 0
1 1 1 1 0 1 0.7538416088771217 0
1 1 1 1 0 1 0.8447424883652117 0
1 1 1 1 1 1 0.8140227973955061 0
1 1 1 1 0 1 0.6831797942462714 2
1 1 1 1 0 1 0.8203959394886119 1
1 1 1 1 0 1 0.8191127694459047 0
1 0 0 0 0 0 0.4659280926441335 1
1 1 1 1 0 1 0.8287513476303764 0
1 1 1 0 0 0 0 0
1 1 1 0 0 0 0.8114358402167956 0
1 1 0 0 0 0 0.7573678311034686 0
1 1 1 1 0 1 0.9999999261129171 0
1 1 1 1 0 1 0.8842026013257761 2
1 1 1 0 0 0 1.0000000046517468 0
1 1 1 0 0 0 0.8215957586662472 0
1 1 1 1 0 1 0.9999999972806042 0
1 1 1 1 0 1 0.875226987714811 0
1 1 1 1 0 1 0.2677949427770687 0
1 1 1 1 0 1 0.9999999285694701 0
1 1 0 1 0 1 0.8893960514514381 0
1 0 1 1 0 1 0.5639381975973877 1
1 1 0 1 0 1 1.0000000254390544 0
1 1 1 1 0 1 0.8912678473158936 0
1 1 1 1 0 1 0.9999999202348968 0
1 1 1 1 0 1 0.8732316118218437 0
1 1 1 1 0 1 0.8724970741645863 0
1 1 1 0 0 0 0.9999999496497932 0
1 0 1 1 0 1 0.6625261670992277 1
1 1 1 1 0 1 1.0000000001632503 0
1 1 1 1 0 1 0.8219365660773331 0
1 1 0 0 1 0 1.0000000621103327 1
1 1 1 1 0 1 0.9999999672551614 0
1 0 1 0 0 0 0.38063783629949677 0
1 1 0 0 0 0 0.7841440307709747 0
1 1 1 0 0 0 0.8391912543104658 0
1 1 1 1 0 1 0.896410055970114 2
1 1 1 1 1 1 0.7224538123304173 0
1 1 1 0 0 0 1.0000000120790753 0
1 1 1 0 0 0 0.7918300845149314 0
1 0 1 1 0 1 0.42502346708434374 2
1 1 1 1 0 1 0.8430839095448285 2
1 1 1 1 0 1 0.9999999943523836 0
1 0 1 1 0 1 0.4086635666273602 0
1 1 1 1 0 1 0.773212170441124 0
1 1 1 0 0 0 0.8657450256204954 0
1 0 0 1 0 1 0.5643310353144685 1
1 1 0 0 0 0 0 0
1 1 0 1 0 1 0.8348082071383677 0
1 1 1 0 0 0 0.9999999634617445 0
1 1 1 0 0 0 0.7352688642164578 1
1 1 1 0 0 0 0.7714322754589765 0
1 1 1 1 0 1 0.8145251795925591 2
1 1 1 0 0 0 0.8676066522501109 0
1 1 1 0 0 0 0.9999999447130006 0
1 1 1 1 0 1 0 2
1 1 1 0 0 0 0.7675934683434276 0
1 1 1 0 0 0 0.7466002528157788 0
1 0 0 0 0 0 0.5818303034239551 1
1 1 0 1 0 1 0.8538638861347261 2
1 1 1 0 0 0 0 0
1 1 0 0 1 0 0.8334906754766064 0
1 1 0 0 0 0 0.6819404608911044 2
1 1 1 1 0 1 1.0000000049853497 0
1 1 0 1 0 1 0.762170781896938 0
1 1 0 1 0 1 0.8510772038357558 0
1 1 1 1 0 1 0.9999999885268929 0
1 1 1 0 0 0 0.9999998555737897 0
1 1 1 1 1 1 0.9999999685516218 0
1 1 1 1 0 1 0 0
1 1 1 1 0 1 0.8500691942227654 0
1 1 0 0 0 0 0.9999999443569548 0
1 1 1 1 0 1 0.8207116294992115 0
1 1 0 1 0 1 0 0
1 1 1 1 0 1 0.8602142012316417 0
1 1 1 1 0 1 0.8503061139781954 0
1 1 1 1 0 1 0.9999999749805198 0
1 0 1 0 0 0 0.4659280926441335 1
1 1 1 1 0 1 0.8719796103114908 0
1 1 1 0 1 0 0.8524678493107151 0
1 1 1 1 0 1 0.270361361307818 0
1 1 1 1 0 1 0 0
1 1 1 0 1 0 0 0
1 1 1 1 0 1 0.5441171959115719 0
1 1 1 1 0 1 0 0
1 1 0 1 0 1 0 0
1 1 1 1 0 1 0.724031618180901 0
1 1 1 1 0 1 0.8545645763435962 0
1 1 0 0 0 0 0.9999999964117331 0
1 1 1 1 0 1 0.6680931529481391 0
1 1 1 1 0 1 0 0
1 1 1 0 0 0 0.9288497769967751 0
1 1 1 1 1 1 1.0000000231232518 0
1 1 1 1 0 1 0.8709553998911821 0
1 1 1 0 0 0 0.7661528077456395 0
1 1 1 1 0 1 0 0
1 1 1 1 0 1 1.0000000328808714 2
1 1 0 0 0 0 1.0000000509864357 0
1 1 1 0 0 0 0.8788905451299902 0
1 1 1 1 0 1 0.8128385778555345 0
1 1 1 1 1 1 0 2
1 1 0 1 0 1 0.8239618272746715 0
1 1 1 1 0 1 0.3854275679821092 0
1 1 1 1 0 1 1.0000000177394708 0
1 1 0 1 0 1 0.7460879514904253 0
1 1 1 1 0 1 0.9999999759507122 0
1 1 1 1 0 1 0.8503932561803976 0
1 1 1 0 0 0 1.0000000103797158 0
1 1 1 0 0 0 1.000000065228104 0
1 1 1 1 0 1 1.0000000177217558 0
1 1 1 1 0 1 0.8965652915755509 0
1 1 1 0 0 0 1.000000069398132 0
1 1 0 0 0 0 0.8357449026028156 0
1 1 0 0 0 0 0.6363038022214073 1
1 1 0 1 0 1 0.8697693470829471 0
1 1 1 1 1 1 0.8678640418118542 1
1 0 1 1 0 1 0.6625261670992277 1
1 1 1 0 0 0 0.999999990841757 0
1 1 1 1 0 1 0.8656770391867769 0
1 1 1 1 0 1 0.8569197626610606 0
1 1 1 1 0 1 0.8251096525651016 0
1 1 0 0 0 0 0.7425832721319721 0
1 1 1 1 0 1 0.8059803930361433 0
