1 1 1 1 0 1 1.0000000529259767 0
1 1 1 1 0 1 0.878083847714591 0
1 1 1 1 0 1 0.500030464473924 0
1 1 1 1 0 1 0.08098218415187675 0
1 1 1 1 0 1 0.2603328159185859 0
1 1 1 1 0 1 0.48038697634353844 0
1 1 1 1 0 1 0.7984638371318576 0
1 1 1 0 0 0 0.7176635786794573 1
1 1 1 1 0 1 0.24418111687707006 0
1 1 1 1 0 1 0.7821277467206722 2
1 0 1 1 0 1 0.5085863758636088 2
1 1 1 1 0 1 0.7120651479540964 0
1 1 1 0 0 0 0.3104107889705674 2
1 1 1 1 0 1 0.8035917497438241 0
1 1 1 0 0 0 0.4597059753120854 0
1 1 1 1 0 1 0.6925013619775966 0
1 1 1 1 0 1 0.8006253196804498 1
1 1 1 1 0 1 0.833839122703752 1
1 1 1 1 0 1 0.8059172012188058 0
1 1 1 1 0 1 0.8184570808300833 0
1 1 1 1 0 1 0.43164036237091263 0
1 0 1 1 0 1 0.5192646442766797 2
1 1 1 1 0 1 0.8492472662201254 0
1 1 1 1 0 1 0.47854307958763853 0
1 1 1 1 0 1 0.8631553813777566 0
1 1 1 1 0 1 0.30466445930583463 0
1 1 1 1 0 1 0.8046443173930018 0
1 1 1 1 0 1 0.5753490961836571 0
1 1 1 0 0 0 0.7987300696015203 2
1 1 1 1 1 1 0.8386986439727016 0
1 1 1 1 1 1 0.8435292091388669 0
1 1 1 1 0 1 0.47420579693026044 0
1 1 1 1 0 1 0.3511349104163078 0
1 1 1 0 0 0 0.8555220218248659 0
1 1 1 1 0 1 0.8108589971906426 0
1 1 1 1 0 1 0.3131639607464991 0
1 1 1 1 0 1 0.8164347915961365 0
1 1 1 1 0 1 0.8730276796666656 0
1 1 1 1 0 1 0.8421427683987791 0
1 1 1 1 0 1 0.2900683703942385 0
1 1 1 1 0 1 0.7476185519813512 0
1 1 1 1 0 1 0 0
1 1 1 0 0 0 0.8438087030360966 0
1 1 1 1 0 1 1.0000000142784973 0
1 1 1 1 0 1 0.43686979367747675 0
1 1 1 1 0 1 0.7959520133509239 0
1 1 1 1 0 1 0.4738311425279913 0
1 1 1 1 0 1 0.26840689751256636 2
1 1 1 1 0 1 0.5574608898781479 0
1 1 1 1 0 1 0.3006438954532116 0
1 1 1 0 0 0 0.7910806561837532 0
1 1 1 1 0 1 0.8660876148238823 0
1 1 1 1 0 1 0.16188715816618715 2
1 1 1 1 0 1 0.7219973403208992 2
1 1 1 1 0 1 0.6956824316508007 2
1 0 1 0 0 0 0.5085863758636088 2
1 1 1 1 0 1 0.7649947328799479 0
1 1 1 1 0 1 0.865825316663825 2
1 1 1 1 0 1 0.5302906483653498 0
1 1 1 1 0 1 0.181823101381406 0
1 0 1 1 0 1 0.5749937189419034 2
1 1 1 1 0 1 0.8271201868596761 0
1 1 1 1 0 1 0.8068069670383662 0
1 1 1 0 0 0 0.7306627033699277 0
1 1 1 1 1 1 0.7543515756961342 1
1 1 1 1 0 1 0.7981259989510567 1
1 1 1 1 0 1 0.7493190630734099 0
1 1 1 0 0 0 0.5949994019163876 2
1 1 1 1 0 1 0.49484803050203136 0
1 1 1 1 0 1 0.44929322540283967 1
1 1 1 1 0 1 0.8765955571026569 0
1 1 1 1 0 1 0.8098610938764249 0
1 1 1 0 0 0 0.41604120872814776 0
1 1 1 1 0 1 0.6777765306602455 1
1 1 1 1 0 1 0.8342854463163678 0
1 1 1 0 0 0 0.7075020769927524 2
1 1 1 1 0 1 0.844452646660798 1
1 1 1 1 0 1 0.6566447295284289 1
1 1 1 1 0 1 0.41415546642777185 1
1 1 1 1 0 1 0.8226139394581365 0
1 1 1 1 0 1 0.5495510878538861 0
1 1 1 0 0 0 0.5345414810514233 0
1 1 0 0 0 0 0.7493826308360874 2
1 1 1 1 0 1 1.0000000530643127 0
1 1 1 1 0 1 0.3305708179434713 2
1 1 1 1 0 1 0.9999999436070001 0
1 1 1 1 0 1 0 0
1 1 1 1 0 1 0.7826104213027015 0
1 1 1 1 0 1 0.8993144668927384 0
1 1 1 1 0 1 0.8071820336767892 0
1 1 1 1 1 1 0.6671875665401162 0
1 1 1 1 0 1 0.826387993108949 0
1 1 1 1 0 1 0.7449758583981457 1
1 1 1 1 0 1 0.6533171897438409 0
1 1 1 1 0 1 0.3726161927295908 0
1 1 1 1 0 1 0.5991363281354657 0
1 1 1 1 0 1 0.8407749541716408 0
1 1 1 1 0 1 0.26907887414984644 0
1 1 1 1 0 1 0.6864712184536768 0
1 1 1 1 1 1 0 0
1 1 1 1 0 1 0.2407909679722176 0
1 1 1 1 0 1 0.4349312965270943 0
1 1 1 0 0 0 0.7090025204317528 0
1 1 1 1 0 1 0.4433808168846585 0
1 1 1 1 0 1 0.18348717365487338 0
1 1 1 1 0 1 0.54657643951136 2
1 1 0 1 0 1 0.3171450227827715 0
1 1 0 1 0 1 0.8449347399610585 2
1 1 1 1 0 1 0.664537328660914 0
1 1 1 1 0 1 0.7965065624095179 0
1 1 1 1 0 1 0.38639468170410307 0
1 1 1 0 0 0 0 0
1 1 1 1 0 1 0.8819281451150258 0
1 1 1 1 0 1 0.536487808552607 2
1 1 1 1 0 1 0.43917371800119215 0
1 1 1 1 0 1 0.4841165291623782 0
1 1 1 0 0 0 0.7903609771986498 0
1 1 1 1 0 1 0.9999998915463127 0
1 1 1 1 0 1 1.000000055061151 2
1 1 1 1 0 1 0 0
1 1 1 0 0 0 0.8237121991597331 0
1 1 1 1 0 1 0.48925541011358825 0
1 1 1 1 0 1 0.7396992846382713 0
1 1 1 1 0 1 0.9383715189418123 0
1 1 1 1 0 1 0.7134060829249903 0
1 1 1 1 0 1 0.8054639310366494 0
1 1 1 1 0 1 0.8733252811698548 0
1 1 1 1 0 1 0.7613347516102478 1
1 1 1 0 0 0 0.8885984193298514 2
1 1 1 1 0 1 0.6256032166339329 0
1 1 1 1 0 1 0.42907956274503056 0
1 1 1 1 0 1 0.8136149113258173 0
1 1 1 1 0 1 0.8265157773358968 0
1 1 1 0 0 0 0.7650360717736977 1
1 1 1 1 1 1 0.7664190261401677 0
1 1 1 1 0 1 0.7630709168804626 0
1 1 1 1 0 1 0.7688302557855434 2
1 1 1 1 0 1 0.2763165936702151 2
1 1 1 1 0 1 0.6135802649259426 0
1 0 1 1 0 1 0.5242169817825768 1
1 1 1 1 0 1 0.7164770978034756 0
1 1 1 1 0 1 0.6260679632942676 0
1 1 1 1 0 1 0.5426898602718995 2
1 1 1 1 0 1 0 2
1 1 1 1 0 1 0.28294238686875683 0
1 1 1 1 0 1 0.8463299159858203 1
1 1 1 1 0 1 0.18242287792621983 0
1 1 1 1 0 1 0.43015740593706026 0
1 0 1 1 0 1 0.5085863758636088 1
1 1 1 1 0 1 0.21429446206944494 0
1 1 1 1 1 1 0.9999999506997806 0
1 1 1 1 0 1 0.6774133690224129 0
1 1 1 1 0 1 0.9999999950069334 0
1 1 1 0 0 0 0.849356548677694 0
1 1 1 1 0 1 0 2
1 1 1 1 0 1 0.762288849347029 0
1 1 1 0 0 0 0.7439264327071973 1
1 1 1 1 0 1 0.838781993571033 0
1 1 1 0 1 0 0.8886903016840596 0
1 1 1 0 0 0 0.21282723052699373 0
1 1 0 1 1 1 0.9999999944691009 2
1 1 1 1 0 1 0.7676897612151449 0
1 1 1 1 0 1 0 0
1 1 1 1 0 1 0.999999987388 0
1 1 1 1 0 1 0.8510173390447932 0
1 1 1 0 0 0 0.8678261653693727 2
1 1 1 1 0 1 0.7667389679040983 0
1 1 1 1 0 1 0.7944478817216449 0
1 1 1 1 0 1 0.8599795301219957 0
1 1 1 1 0 1 0.7564218518320486 2
1 1 1 1 0 1 0.4080877764021274 0
1 1 1 0 0 0 0.7472033931374058 0
1 1 1 1 0 1 0.687152068240268 0
1 1 1 1 0 1 0.6964503051912557 0
1 1 1 1 0 1 0.6001299759574416 0
1 1 1 1 0 1 0.48425561935548894 0
1 1 1 1 0 1 0.1745617045501938 0
1 1 1 1 0 1 0.42019096726843985 0
1 1 1 0 0 0 0.8017173197577779 1
1 1 1 1 0 1 0.7108393841332324 0
1 1 1 1 0 1 0.8566859592635333 0
1 1 1 1 0 1 0.37477148071410815 0
1 1 1 1 0 1 0.7838063223423549 0
1 1 1 1 0 1 0.660122627852671 0
1 1 1 1 0 1 0.7610198574232068 0
1 1 1 1 0 1 0.8533823382103827 0
1 1 1 0 0 0 0.3122821856567704 1
1 1 1 1 0 1 0.746044926577908 0
1 1 1 1 0 1 0.8618770327217472 0
1 1 1 1 0 1 0.31592004696188974 0
1 1 1 1 0 1 0.2523081046570969 0
1 1 1 1 0 1 0.803767509348707 0
1 1 1 1 0 1 0.8866772112061355 0
1 1 1 1 0 1 0.7660841220938134 0
1 1 1 1 0 1 0.6531875450564418 0
1 1 1 1 0 1 0.8652234711058396 0
1 1 1 1 0 1 0.809619786701831 0
1 1 1 1 0 1 0.7311625337475799 0
1 1 1 1 0 1 0 2
1 1 1 1 0 1 0.5240704385329468 2
1 1 1 1 1 1 1.000000039920186 1
1 1 1 1 0 1 0.773159340244946 0
1 1 1 1 0 1 0.4044517001456773 0
1 1 1 1 0 1 0.8536663188400002 0
1 1 1 1 0 1 0.7980257398213078 0
1 1 1 1 0 1 0.8270549410696734 0
1 1 1 1 0 1 0.7758805841025779 0
1 1 1 0 0 0 0.6647288321216616 2
1 1 1 1 0 1 0.38766046782264685 0
1 1 1 1 0 1 0.22631049443357099 0
1 1 1 1 0 1 1.0000000713108534 0
1 1 1 0 0 0 0.9213826166338603 2
1 1 1 1 0 1 0.9999999627097106 0
1 1 1 1 0 1 0.23667513752731323 1
1 1 1 1 0 1 0.8286253781327576 0
1 1 1 0 0 0 0.8398598250502028 2
1 1 1 1 0 1 0.8040522729502112 2
1 1 1 1 0 1 0.7946526364640284 0
1 1 1 1 0 1 0.7356650513411708 0
1 1 1 1 0 1 0.47542189115806166 0
1 1 1 0 0 0 0.7109429002086738 2
1 1 1 0 0 0 0.3504770494201917 0
1 1 1 1 0 1 0.3684504263359754 2
1 1 1 1 0 1 0.22554649367961715 0
1 1 1 1 0 1 0.401157752788837 0
1 1 1 1 0 1 0.6282383576794139 0
1 0 1 1 0 1 0.11415474887551151 0
1 1 1 1 0 1 1.0000000254390544 0
1 1 1 1 1 1 1.000000041380437 2
1 1 1 1 0 1 0 0
1 1 1 0 0 0 0.7795556283749193 0
1 0 1 1 0 1 0.41892894961334 2
1 1 1 1 0 1 0.7803205896542138 0
1 1 1 1 0 1 0.24640727515225513 2
1 1 1 1 0 1 0.500752075589135 0
1 1 1 1 0 1 0.836680126868939 0
1 1 1 1 0 1 0.48993061708877206 0
1 1 1 1 0 1 0.9116474504358529 0
1 1 1 1 0 1 0.23756114294961908 2
1 1 1 1 0 1 0.3769298072843759 2
1 1 1 1 0 1 0.8216111926588365 1
1 1 1 1 0 1 0.3873849243059125 0
1 1 1 1 0 1 0.45441301498010994 1
1 1 1 1 0 1 0.2491631231105866 2
1 1 1 1 0 1 0.3488115693802001 0
1 1 1 1 1 1 0.8982788696544979 2
1 1 1 1 0 1 0.8649193781543907 0
1 1 0 1 0 1 0.7619217285021457 2
1 1 1 1 0 1 0.8212560616383714 0
1 1 1 1 0 1 0.8303723646560622 0
1 1 1 0 0 0 0.8656718361847 0
1 1 1 1 0 1 0.8744928956600188 2
1 1 1 1 0 1 0.8380735267080559 0
1 1 1 1 0 1 0.7777390162556516 0
1 1 1 1 0 1 0.568630910717937 0
1 1 1 1 0 1 0.6191974860794301 0
1 1 1 1 0 1 0.7981268835382294 2
1 1 1 0 0 0 0.8073581873413513 0
1 1 1 0 0 0 0.5679183602934704 1
1 1 1 0 0 0 0.6803427654229901 1
1 1 1 1 0 1 0.70822862817794 0
1 1 1 1 0 1 0.696118287886894 0
1 1 1 1 0 1 0 0
1 1 0 1 0 1 0.8895834243246536 1
1 1 1 1 0 1 0.35074248698306043 0
1 1 1 1 0 1 0.7989740991926596 0
1 1 1 1 1 1 0.8404305152174211 0
1 1 1 1 0 1 0.3419811533555803 0
1 1 1 1 0 1 1.0000000339411335 2
1 1 1 1 0 1 0.3090499269008824 0
1 1 1 0 0 0 0 0
1 1 0 0 0 0 0.8422082997153904 0
1 1 1 1 0 1 0.374059545236104 0
1 1 1 1 0 1 0.8435144570711322 0
1 1 1 1 0 1 0.8652706239473327 0
1 1 1 1 0 1 0.29986551233867165 0
1 1 1 1 0 1 0.37206968019022935 0
1 1 1 1 0 1 0.29584729227065787 0
1 1 1 1 0 1 0.4151226922367077 2
1 1 1 1 0 1 0.6748130097619802 0
1 1 1 1 0 1 0 1
1 1 1 1 0 1 0.6995538370247362 0
1 1 1 1 0 1 0.3752527842386567 0
1 1 1 0 0 0 0.8759189454418128 0
1 1 1 1 0 1 0.8712871561515001 0
1 1 1 0 0 0 0.8529969144365482 0
1 1 1 1 0 1 0.8617320849508486 0
1 1 1 1 0 1 0.6499364867537945 0
1 1 1 1 0 1 0.40318872582426496 0
1 1 1 1 0 1 0 1
1 0 1 0 0 0 0.5085863758636088 2
1 1 1 1 0 1 0.8278091236388738 0
1 1 1 1 0 1 0.6637479077698426 0
1 1 1 1 0 1 0.8481201676616682 2
1 1 1 0 0 0 0.8360369358926468 0
1 1 1 1 0 1 0.7737684163904616 0
1 1 1 0 0 0 0.7834182146172577 0
1 1 1 1 0 1 0.4385663930088038 2
1 1 0 1 0 1 0.4745516908328008 2
1 1 1 1 0 1 0.3135208333428605 0
1 1 1 1 1 1 1.0000000254390544 0
1 1 1 1 0 1 0.28292906012976016 0
1 1 1 1 0 1 0.7970730041641481 0
1 1 1 1 0 1 0.5097923497388298 0
1 1 1 1 0 1 0.9155757991766287 0
1 1 1 1 0 1 0.8388608483259677 0
1 1 1 1 0 1 0.8981935002905077 2
1 1 1 0 0 0 0 2
1 1 1 1 0 1 0.47320382761833263 2
1 1 1 1 0 1 0.9256740467677964 0
1 1 1 1 0 1 0.7116170873294659 0
1 1 1 0 0 0 0.38188434514364417 1
1 1 1 1 0 1 0.863516511716669 0
1 1 1 1 0 1 0.8743110200731997 0
1 1 1 1 0 1 0.7442972478466728 0
1 1 1 1 1 1 0.8192373962460127 2
1 1 1 1 0 1 0.922384670668842 0
1 1 1 0 0 0 0.8637970713938063 2
1 1 1 1 0 1 0.7973817310025898 0
1 1 1 1 1 1 1.0000000687880835 0
1 1 1 1 0 1 0.7823142185270979 0
1 1 1 1 0 1 0.5635807000944162 0
1 1 1 0 0 0 0.8753982886115403 1
1 1 1 0 0 0 0.26777770937693457 0
1 1 1 1 0 1 0.760133840145265 0
1 1 1 1 0 1 0.8402917743943913 0
1 1 1 1 0 1 0.7627248009807976 0
1 1 1 1 0 1 0.8214699381385211 0
1 1 1 1 1 1 0.8125882607587042 2
1 1 1 0 0 0 0.35481406120381703 2
1 1 1 1 0 1 0.36327650404340867 0
1 1 1 1 0 1 0.438529580857011 1
1 1 1 0 0 0 0.6454021098282782 0
1 1 1 0 0 0 0.07199124743833808 2
1 1 1 1 0 1 0.3152558514286463 0
1 1 1 1 0 1 0.9192857222418201 0
1 1 1 0 0 0 0.3820572735668191 2
1 1 1 1 0 1 0.7133582998770739 0
1 1 1 1 0 1 0.45427224096477675 0
1 1 1 1 0 1 0.4648354510406032 0
1 1 1 0 0 0 0.40495559143398346 2
1 1 1 1 0 1 0.6991709124643453 0
1 1 1 1 0 1 0.7090277712854574 2
1 1 1 1 0 1 0.6732754755935794 0
1 1 1 1 0 1 0.832534373479198 1
1 1 1 1 0 1 0.7424624681220585 0
1 1 1 1 1 1 0.8449430888372628 0
1 1 1 1 1 1 0.8555375208985888 0
1 1 1 1 0 1 0.7813655630219687 0
1 1 1 1 0 1 0 0
1 1 1 1 0 1 1.000000008571403 0
1 1 1 1 0 1 0.8176541696902271 0
1 1 1 1 0 1 0.8148760209539009 0
1 1 1 0 0 0 0.8945523938837321 1
1 1 1 1 0 1 0.48704382927653905 2
1 1 1 1 0 1 0.7765153415576954 0
1 1 1 1 0 1 0.7932463417534871 1
1 1 1 1 0 1 0.884655241047478 0
1 1 1 0 0 0 0.9999999425284877 0
1 1 0 1 0 1 0.8202599591647864 1
1 1 1 1 0 1 0.6785904706769811 0
1 1 1 1 0 1 0.8717839575081204 0
1 1 1 1 1 1 0.8197820765547404 0
1 1 1 1 0 1 0.7706599230528003 0
1 1 1 1 0 1 0.3640262107412163 1
1 1 1 1 0 1 0.6480935145249455 0
1 1 1 1 0 1 0.854919163286195 0
1 1 1 1 0 1 0.18596187102265824 2
1 1 1 0 0 0 0.7670083256562078 2
1 1 1 1 0 1 0.5237418705434796 2
1 1 1 1 0 1 0.4428661670815482 2
1 1 1 1 0 1 0.29720303517924795 0
1 1 1 1 0 1 0.835843656680487 0
1 1 1 1 0 1 0.24794234774923585 2
1 1 1 0 0 0 0.7483474828196648 0
1 1 1 1 0 1 0.7151813398537293 1
1 1 1 1 0 1 0.5531857330343602 0
1 1 1 1 0 1 0.8352716375636773 0
1 1 1 1 0 1 0.6448356761272449 0
1 1 1 1 0 1 0.5077418696739958 1
1 1 1 1 0 1 0.8116608952395509 0
1 1 1 0 0 0 0.8746936625097446 2
1 1 1 1 0 1 0.3692646321555831 0
1 1 1 1 0 1 0.8664292346472483 0
1 1 1 0 0 0 0.8583113034253359 1
1 1 1 1 0 1 1.0000000105298503 0
1 1 1 0 0 0 0.579412043478946 2
1 1 1 1 0 1 0.7927566405688888 2
1 1 1 1 0 1 0.825259101458108 1
1 1 1 1 0 1 0.7619688522747133 0
1 1 1 0 0 0 0.8534900609826193 1
1 1 1 1 0 1 0.7639592533460142 0
1 1 1 1 0 1 0.05822386606621565 0
1 1 1 0 0 0 0.4626059256722691 2
1 1 1 1 0 1 0.7092000989679854 0
1 1 1 0 0 0 0.8216788951492918 2
1 1 1 0 0 0 0.6903679598847922 0
1 1 1 1 0 1 0.781726413549306 0
1 1 1 1 1 1 1.0000000406292233 0
1 1 1 0 0 0 0.6414846334294372 0
1 1 1 1 0 1 0.766444740941869 2
1 1 1 1 0 1 0.873297600898153 0
1 1 1 1 0 1 0.4796978834669861 2
1 1 1 1 0 1 0.8263469804695843 0
1 1 1 1 0 1 0.9020528207923424 0
1 0 1 1 0 1 0.5379075552211666 0
1 1 1 1 0 1 0.58370699006758 0
1 1 1 1 0 1 0.2645310504552713 0
1 1 1 0 0 0 0.8549229578433013 1
1 0 1 1 0 1 0.6001290795112817 2
1 1 1 1 0 1 0.6272906507506405 1
1 1 1 1 0 1 0.8486716485550453 0
1 1 1 1 0 1 0.8053434499261605 0
1 1 1 1 0 1 0 0
1 1 1 1 0 1 0.8464446432314691 0
1 1 1 1 0 1 0.7903651520142193 0
1 1 1 1 0 1 0.5079574995418124 0
1 1 1 1 0 1 0.5322083990084754 0
1 1 1 1 0 1 0.6279423507893366 0
1 1 1 1 0 1 0.7759044401516504 0
1 1 1 0 1 0 0.8919690969169887 2
1 1 1 1 0 1 0.3845754262941331 0
1 1 1 0 0 0 0.8442288353526163 2
1 1 1 1 0 1 0.4325910519437073 2
1 1 1 0 0 0 0.6663095871238685 2
1 1 1 1 0 1 0.41711313179618653 1
1 1 1 0 0 0 1.0000000146898194 2
1 1 1 1 0 1 0 0
1 0 1 1 0 1 0.5278246134920795 0
1 1 1 1 0 1 0.718112158117281 0
1 1 1 1 0 1 0.5934055972176346 1
1 1 1 1 0 1 0.25067377613261066 0
1 1 1 0 0 0 0.9999999059567259 0
1 1 1 1 0 1 0.6113441206215823 0
1 1 1 1 0 1 0.17297484837248756 0
1 1 1 1 0 1 0.8425652633202603 2
1 1 1 1 0 1 0.7995600781629971 0
1 1 1 1 0 1 0.7006216571460882 0
1 1 1 1 0 1 0.8080556061106268 0
1 1 1 1 0 1 0.8254222500184059 0
1 1 1 1 0 1 0.4831776351598926 0
1 1 1 0 0 0 0.7808018104015344 2
1 1 1 1 0 1 0.7426099759566034 2
1 1 1 1 0 1 0 2
1 1 1 1 0 1 0.8896003558496458 0
1 1 1 1 0 1 0.8112558335827077 0
1 1 1 1 0 1 0.6773636912029735 0
1 1 1 1 0 1 0.8516378255801462 0
1 1 1 0 0 0 0.7619067716206627 0
1 1 1 0 0 0 0.3028398955662262 2
1 1 1 1 0 1 0.18540444740573445 0
1 1 1 1 0 1 0.6923050668096805 0
1 1 1 1 0 1 0.3866042539202934 0
1 1 1 1 1 1 0.843934783893511 2
1 1 1 1 0 1 0.8422656160113108 0
1 1 1 1 0 1 0.9999998660438875 1
1 1 1 1 0 1 0.6193299083330083 0
1 1 1 1 0 1 0.1499930411723657 0
1 1 1 1 0 1 0.7858013954904349 0
1 1 1 0 0 0 0.5109667569154438 0
1 1 1 1 0 1 0.710358529513926 0
1 1 1 1 0 1 0.7879666915699217 0
1 1 1 1 0 1 1.0000000025935039 0
1 1 1 1 1 1 1.0000000435472833 0
1 1 1 1 0 1 0.441342518378457 0
1 1 1 1 0 1 0.44828787476317483 0
1 1 1 1 0 1 0.7942830551873526 0
1 1 1 1 0 1 0.7418021157186182 0
1 1 1 1 0 1 0.45796769436206963 0
1 1 1 1 1 1 0.8394979643022642 0
1 1 1 1 0 1 0.9999999173356573 2
1 1 1 0 0 0 1.0000000254390544 0
1 1 1 1 0 1 0.9141780560136803 0
1 1 1 1 0 1 0.08630112658083151 0
1 1 1 1 0 1 0.5462775900695096 0
1 1 1 1 0 1 0.3815400386929083 0
1 1 1 1 0 1 0.7833569608138857 0
1 1 1 0 0 0 0.7241160207021536 0
1 1 1 0 0 0 0.45470260268433804 1
1 1 1 1 1 1 1.0000001004879018 0
1 1 1 1 0 1 0 0
1 1 1 1 1 1 0.845363486381855 0
1 1 1 1 0 1 0.7340080115609013 0
1 1 1 1 0 1 0.8710850720158412 1
1 1 1 1 0 1 0.47040884565019575 0
1 1 1 1 0 1 0 0
1 1 1 1 0 1 0.7877424310041216 0
1 1 1 0 0 0 0.7947621975336828 1
1 0 1 1 0 1 1.0000001235826423 1
1 1 1 0 0 0 0.8614548909701472 0
1 1 1 0 0 0 0.8466534761541115 2
1 1 1 1 0 1 0.263059516205968 0
1 1 1 1 0 1 0.8486045863315128 0
1 1 1 1 0 1 0.8860779336609912 0
1 1 1 1 0 1 0.668305229425765 0
1 1 1 0 0 0 0.7807266974169049 2
1 1 1 1 0 1 0.2903606538913473 2
1 1 1 1 0 1 0.4394736059117176 0
1 1 1 1 0 1 0.3241106908254405 0
1 1 1 1 0 1 0 0
1 1 1 0 0 0 0.8074475432258897 1
1 1 1 1 0 1 0.789617586938924 0
1 1 1 1 0 1 0.9999999874568525 0
1 1 1 0 0 0 0.4172056519707773 1
1 1 1 1 0 1 0.48494920018644744 2
1 1 1 1 0 1 0.4566446894004262 2
1 1 1 1 0 1 0.9999999727889035 0
1 1 1 1 0 1 0.2213713034991765 0
1 1 1 1 0 1 0.7905047169142636 0
1 1 1 1 0 1 0.7941861876001657 0
1 1 1 0 1 0 0.8079964174352707 2
1 1 1 0 0 0 0.4906456221280047 2
1 1 1 1 0 1 0.7386285657157947 0
1 1 1 1 0 1 0.8519995872781017 0
1 1 1 1 0 1 0.3431956122833522 0
1 1 1 1 0 1 0.4765975753191005 1
1 1 1 1 0 1 0.7315977369773271 0
1 1 1 1 0 1 0.8535487329973592 0
1 1 1 1 0 1 0.29568797916287404 0
1 1 1 1 0 1 0.7501156588268754 0
1 1 0 1 0 1 0.6367094693680585 2
1 1 1 0 0 0 0.8115315447438357 0
1 1 1 0 0 0 0.35135256294090833 1
1 1 1 1 0 1 0.9011068203243692 0
1 1 1 1 0 1 0.8377404733903336 0
1 1 1 1 0 1 0.3976452657117699 1
1 1 1 1 0 1 0.8596664354124007 0
1 1 1 1 0 1 0.8150631598169247 0
1 1 1 0 0 0 0.6119305885930866 0
1 1 1 1 0 1 0.7961967292501105 0
1 1 1 1 0 1 0 0
1 1 1 1 0 1 0.4058100972383054 0
1 1 1 1 0 1 0.9999999261129171 0
1 1 1 1 0 1 0.9024450003406901 0
1 1 1 1 0 1 0.31620917559628847 2
1 1 1 1 0 1 0.8466541703857636 0
1 1 1 1 0 1 0.15545903364715005 0
1 1 1 0 0 0 0.5062606943007997 0
1 1 1 1 1 1 0 0
1 1 1 0 0 0 0.3825507582482412 1
1 1 1 0 0 0 0.8150086506534547 1
1 1 1 1 0 1 0.8885622100625523 0
1 1 1 0 0 0 0.18545018472851998 0
1 1 1 1 0 1 0.40496349943648935 2
1 1 1 1 0 1 0.9191353796865698 0
1 1 1 1 0 1 0.5093382052078429 0
1 1 1 1 0 1 0.5209436102608934 0
1 1 1 1 0 1 0.7973804275466919 0
1 1 1 1 0 1 0.9999999985208009 0
1 1 1 1 0 1 0.7529106006009353 0
1 1 1 1 0 1 0.4211256746186487 0
1 1 1 0 0 0 0.3598393384945264 0
1 1 1 1 1 1 0.8701084524186706 0
1 1 1 1 0 1 0.48153483156048954 0
1 1 1 1 1 1 0.9999999868742951 0
1 1 1 1 0 1 0.9999999407169118 0
1 1 1 1 0 1 0.33747632103708997 0
1 1 1 1 0 1 0.8268698193574372 1
1 1 1 1 0 1 0.8080741485180256 1
1 1 0 1 0 1 0.3926828867639212 2
1 1 1 1 0 1 0.3445085364758305 0
1 1 1 1 0 1 0.6304602385243491 1
1 1 1 1 0 1 0.4005642825185203 1
1 1 1 1 0 1 0.3376525356638575 0
1 1 1 1 0 1 0.760686493067044 0
1 1 1 0 1 0 0.8582081411908973 2
1 1 1 1 1 1 0.7796103012096621 0
1 1 1 0 0 0 0.8079030313410558 1
1 1 1 1 0 1 0.8097617747364778 0
1 1 1 1 0 1 0.40413924792842515 0
1 1 1 1 0 1 0.7784675631665144 0
1 1 1 0 0 0 0.8576988756294522 1
1 1 1 1 0 1 0.4193603213711363 2
1 1 1 1 0 1 1.0000000254390544 0
1 1 1 1 0 1 0.7180345152838297 0
1 1 1 1 0 1 0.713435776601032 0
1 1 1 1 0 1 0.7714234619836711 0
1 1 1 1 0 1 0.3209508913654072 0
1 1 1 1 1 1 0.8671823575885778 0
1 1 1 1 0 1 0.7173192053380052 0
1 1 1 0 0 0 0.39834340809121827 0
1 1 1 1 0 1 0.24497872910724638 0
1 1 1 0 0 0 0 0
1 1 1 1 0 1 0.5969169317513614 0
1 1 1 1 0 1 0.4129909608270861 0
1 1 1 1 0 1 0.8472362159345364 0
1 1 1 0 0 0 0.8064204222819139 0
1 1 1 0 0 0 0.8093078739509325 2
1 1 1 1 0 1 0.8742799536213276 0
1 1 1 1 0 1 0.3319028649119805 1
1 1 1 1 0 1 0.8632552207176091 0
1 1 1 1 0 1 0.8221621862484443 0
1 1 1 1 1 1 1.0000000006376315 0
1 1 1 1 1 1 1.000000025727508 0
1 1 1 1 0 1 1.0000000254390544 0
1 1 1 1 0 1 0.4247604857425238 0
1 1 1 1 0 1 0.7473827206299607 0
1 1 1 1 0 1 0.708767968865031 0
1 1 1 1 1 1 0.8370768939022246 0
1 1 1 1 0 1 0 0
1 1 1 0 0 0 0.5723211378863959 1
1 1 1 0 0 0 0.49808048882000266 2
1 1 1 0 0 0 1.0000000134402287 1
1 1 1 1 1 1 0.7479320391247857 2
1 1 0 1 0 1 0.7295226191401774 2
1 1 1 1 0 1 0.7024728338785621 0
1 1 1 1 0 1 0.5544545527652402 0
1 1 1 0 0 0 0.8595905822028178 0
1 1 1 1 0 1 0.5472751578709312 0
1 1 1 1 0 1 0.7691722434733708 0
1 1 1 1 0 1 0.7797476575872436 2
1 1 1 1 0 1 0.5600834724648376 0
1 1 1 0 0 0 0.33068907851208523 2
1 1 1 1 0 1 0.7419345310507119 1
1 1 1 1 0 1 0.34293654622797076 0
1 1 1 1 0 1 0.7702951187282053 2
1 1 1 1 0 1 0.7379373503068521 0
1 1 1 1 0 1 0.33404951770026586 0
1 1 1 1 0 1 0.7204338819134765 2
1 1 1 1 0 1 0.7635492132755627 0
1 1 1 1 0 1 0.999999914194495 0
1 1 1 1 0 1 0.5172480139005722 0
1 1 1 1 0 1 0.27123575652155857 0
1 0 1 1 0 1 1.0000001235826423 2
1 1 1 1 0 1 0.7776269683084205 0
1 1 1 1 0 1 0.40701417064498163 0
1 1 1 1 0 1 0.8341967384907759 0
1 1 1 1 0 1 0.4634460891119083 0
1 1 1 1 0 1 0.2102059676341898 0
1 1 1 1 0 1 0.4272180192591643 0
1 1 1 1 0 1 0.822038840292233 2
1 1 1 1 0 1 0.4286684168657814 0
1 1 1 1 1 1 0.7917013013829081 0
1 1 1 1 0 1 0.7976496580978426 0
1 1 1 1 0 1 0.8652793594988728 0
1 1 1 1 0 1 0.17274252196919698 0
1 1 1 1 0 1 0.8524103297212035 0
1 1 1 0 1 0 1.000000095933157 2
1 1 1 1 0 1 0.4065956136107337 0
1 1 1 1 0 1 0.722303800011592 0
1 1 1 1 0 1 0.4719447226678888 0
1 1 1 1 0 1 0.7725698140218505 0
1 1 1 1 0 1 0.776321411370671 2
1 1 0 1 0 1 0.8740224589858405 2
1 1 1 0 0 0 0 0
1 1 1 1 0 1 0.8792517305618504 0
1 1 1 1 0 1 0.41918747013872637 0
1 1 1 1 0 1 1.0000000393755197 0
1 1 0 1 0 1 0.6649668349384467 2
1 1 1 1 0 1 0.3414678871945786 0
1 1 1 1 0 1 0.37141261156768074 2
1 1 1 0 0 0 0.3897387980071587 0
1 1 1 1 0 1 0.713281079301114 0
1 1 1 1 0 1 0.7111999608653808 0
1 1 1 1 0 1 0.7910257208748193 0
1 1 1 1 0 1 0.824739358178997 0
1 1 1 1 0 1 0.879966587523425 0
1 1 1 0 0 0 1.0000000303291177 0
1 1 0 1 0 1 0.8549040471578686 2
1 1 1 1 0 1 0.8667602835395645 0
1 1 1 1 0 1 0.6970972456798038 0
1 1 1 0 1 0 0.77686744445375 0
1 1 1 0 0 0 0.8571060613201699 1
1 1 1 1 0 1 0.4501506527618818 0
1 1 0 1 1 1 0.7831879958496231 0
1 1 1 1 0 1 0.7824600846206053 0
1 1 1 1 0 1 0.7626067593953877 0
1 1 1 1 0 1 0.7785162082276671 0
1 1 1 1 0 1 0 0
1 1 1 1 1 1 0.9999999903868421 0
1 1 1 1 0 1 0.7681879361073062 0
1 1 1 1 0 1 0.526549661983612 0
1 1 1 1 0 1 0.7860965583730775 0
1 1 1 0 0 0 1.000000001264153 2
1 1 1 0 0 0 0.7818642514866652 2
1 1 1 1 0 1 0.8899349883970605 2
1 1 1 1 0 1 0.5555127178781243 0
1 1 1 1 0 1 0.23795779871035738 0
1 1 1 1 0 1 0.8007643743123539 0
1 1 1 1 0 1 0.7593398600939982 2
1 1 0 1 0 1 0.8790614133010375 1
1 1 1 0 0 0 0 2
1 1 1 1 0 1 1.0000000258678319 2
1 1 1 1 0 1 0.4372389229671506 0
1 1 1 1 0 1 0.8744380652390817 0
1 1 1 1 0 1 0.6577626857609717 0
1 1 1 0 0 0 0.7805348426906307 1
1 1 1 1 0 1 0.9424358999094946 0
1 1 1 1 0 1 0.861293743559123 0
1 1 1 0 0 0 0.45949734319054275 2
1 1 1 1 0 1 0.37334074667545997 0
1 1 1 1 0 1 0.3660867610419244 0
1 1 1 1 0 1 0.7001185656932654 0
1 1 1 1 0 1 0.333938481313073 0
1 1 1 1 0 1 0.8268698193574372 0
1 1 1 1 0 1 0 2
1 1 1 1 0 1 0.725109560113379 0
1 1 1 0 0 0 0.8645538656742555 2
1 1 1 1 0 1 0.8893062827354182 0
1 1 1 0 0 0 0.8392117308365222 0
1 1 1 1 1 1 0.8125188828985331 1
1 1 1 1 0 1 0.7590887511324471 0
1 1 1 1 0 1 0.35392081854318475 0
1 1 1 1 0 1 0.4069466064298535 0
1 1 1 1 0 1 0.7703704863368589 2
1 1 1 0 0 0 0.7675962107136423 1
1 1 1 1 0 1 0.8092983372982824 0
1 1 1 1 0 1 0.6783029328556942 0
1 1 1 1 0 1 0.8139571197079217 2
1 1 1 1 0 1 0.6974225589769572 0
1 1 1 1 0 1 0.8691897073210214 0
1 1 1 1 0 1 0.8101985751436105 0
1 1 1 1 0 1 0.7760022591620759 0
1 1 1 1 0 1 0.3197175562622158 0
1 1 1 1 0 1 0.39690176126287474 1
1 1 0 1 0 1 0.18491944317389963 1
1 1 1 1 0 1 0.3871034574702887 0
1 1 1 1 0 1 0.859542430175013 2
1 1 1 1 0 1 0.8256944066557838 0
1 1 1 1 0 1 0.770018601730069 0
1 1 1 1 0 1 0.8612096171626858 0
1 1 1 0 0 0 0.8224297316346636 2
1 1 1 1 0 1 0.35714612054912054 0
1 1 1 1 0 1 0.6831202678662965 0
1 1 1 1 0 1 0.7110270072858241 2
1 0 1 1 0 1 0.5242169817825768 1
1 1 1 1 0 1 0.4538456698906461 0
1 1 1 1 0 1 0.9999999363177635 0
1 1 1 1 0 1 0.4511349833404937 0
1 1 1 1 0 1 0.2080173378108415 0
1 1 1 1 1 1 0 0
1 1 1 1 0 1 1.0000000616270663 0
1 1 1 1 0 1 0.10317626984178287 2
1 1 1 1 0 1 0.7050195071411176 0
1 1 1 1 0 1 0.15246941580385176 0
1 1 1 0 0 0 0.29875267557964946 1
1 1 1 1 0 1 0.775051967776547 0
1 1 1 1 0 1 0.6796971935416937 0
1 1 1 1 1 1 0.8053180348722123 0
1 1 1 1 0 1 0.43935190163115323 0
1 1 1 1 0 1 0.5650310179798885 0
1 1 1 1 0 1 0.5783848397167916 0
1 1 1 1 0 1 0.8897787413569292 0
1 1 1 1 0 1 0.42110838808591344 0
1 1 0 1 0 1 0 2
1 1 1 1 0 1 0.8212782921240751 0
1 1 1 1 1 1 0.6803245744751453 0
1 1 1 1 0 1 0.4375448241826136 0
1 1 1 1 0 1 0.5132502149553924 2
1 1 1 1 0 1 0.8266414945730045 0
1 1 1 1 0 1 0.7204901057214829 0
1 1 1 1 0 1 0.733325460754355 0
1 1 1 0 0 0 0.7268722229045292 2
1 1 1 1 1 1 1.0000000788377856 0
1 1 1 1 0 1 0.8398553105430043 0
1 1 1 1 0 1 0.7037663520041966 0
1 1 1 1 0 1 0.6008804310260375 0
1 1 1 1 0 1 0.7824981629545384 0
1 1 1 1 0 1 0 2
1 1 1 1 0 1 0.8149477671228281 0
1 1 1 1 0 1 0.3818413507899675 0
1 1 1 1 0 1 0.5331315894681353 0
1 1 1 1 0 1 0.8260202407535931 0
1 1 1 1 1 1 0 0
1 1 1 1 0 1 0.3832259485800658 0
1 1 0 1 0 1 0.8790064474994772 0
1 1 1 1 0 1 0 0
1 1 1 1 0 1 0.8703755458244584 0
1 1 1 1 0 1 0.29600185769349563 0
1 1 1 1 1 1 0.8231556542209693 0
1 1 1 1 0 1 0.26560736328873424 0
1 1 1 1 0 1 0.8589116440371375 0
1 1 1 1 0 1 0.4736038966177951 0
1 1 1 0 0 0 0.7348320438228028 2
1 1 1 1 0 1 0.6499364867537945 0
1 1 1 1 0 1 0.845263424969872 2
1 1 1 0 0 0 0.796369347474532 0
1 1 1 0 0 0 0.8961067655101999 2
1 1 0 1 0 1 0 2
1 1 1 1 0 1 0.10850380310933488 0
1 1 1 1 0 1 0.8523821970175205 0
1 1 1 1 1 1 0.9999999219322167 0
1 1 1 1 0 1 0.5646389523730906 2
1 1 1 1 0 1 0.8869918455529113 0
1 1 1 1 0 1 0.6843140488867478 0
1 1 1 1 0 1 0.8539170605594016 0
1 1 1 1 0 1 0.4160429732090488 2
1 1 1 1 0 1 0.6444708102251797 2
1 1 0 1 0 1 0.2516252122839143 2
1 0 1 1 0 1 0.6688730745347304 0
1 1 1 1 1 1 0.8516108185546121 0
1 1 1 1 0 1 0.7042539469883683 0
1 1 1 1 0 1 0.5726547024529898 0
1 1 1 1 0 1 0.7540427331835121 1
1 1 1 1 0 1 0.7042697964485246 0
1 1 1 1 0 1 0.6144706693733876 2
1 1 1 1 0 1 0.34592969087188685 0
1 1 1 1 0 1 0.8522021439894928 0
1 1 0 1 1 1 1.000000010417922 2
1 1 1 1 0 1 0 0
1 1 1 1 0 1 0.9272548761192988 0
1 1 1 1 0 1 0.7025098176294525 0
1 1 1 1 0 1 0.39035709664559765 0
1 1 1 1 0 1 0.8260715574527943 0
1 0 1 1 0 1 0.41489468772805604 0
1 1 1 0 1 0 0.8741981464446598 1
1 1 1 0 0 0 0.7626087674788675 1
1 1 1 1 0 1 0.7268265762650521 2
1 1 1 1 0 1 0.8263089490389025 0
1 1 1 1 0 1 0.8140806421811192 0
1 1 1 1 0 1 0.8384364564715181 0
1 1 1 1 0 1 0.28108047437085354 0
1 1 1 1 0 1 0.21453285793837215 0
1 1 0 1 0 1 0.7750063901660144 2
1 1 1 1 0 1 0.7733416943465189 0
1 1 1 1 1 1 0 0
1 1 1 1 0 1 0.8364329614330114 2
1 1 1 1 0 1 0.881909500631994 0
1 1 1 1 1 1 1.0000000110717475 1
1 1 1 1 0 1 0.2322711702233179 0
1 1 1 1 1 1 0.7468322486370498 0
1 1 1 0 0 0 0.2436433048993157 0
1 1 1 1 1 1 0.8350969093208643 0
1 1 1 0 1 0 0.8114262463708184 0
1 1 1 1 0 1 0.4291034524103138 0
1 1 1 0 0 0 0.6662998066260627 0
1 1 1 1 0 1 0.4543083072355168 2
1 1 1 1 0 1 0.6601627584529671 0
1 1 1 1 0 1 0.8173759995234223 0
1 1 1 1 0 1 0.714335340480949 0
1 1 1 1 0 1 0.3661733243404822 1
1 1 1 1 0 1 0.3122053390787141 0
1 1 1 1 0 1 0.7095878397021628 0
1 1 1 1 0 1 0.8410141095795264 1
1 1 1 1 0 1 0.7874738262820209 0
1 1 1 1 0 1 0.8578093159944298 0
1 1 1 1 0 1 0.09211794269152984 0
1 1 1 1 0 1 1.0000000329892549 0
1 1 1 1 0 1 0.3349832545675047 0
1 1 1 1 0 1 0.44174094128325286 2
1 1 0 1 0 1 0.5183639009640153 2
1 1 1 0 0 0 0.15664385394059016 0
1 1 1 1 0 1 0.47268586386397937 0
1 1 1 1 1 1 0.812648088209029 0
1 1 1 1 0 1 0.7400888711528846 2
1 1 1 1 0 1 0.3088653925802037 0
1 1 1 1 0 1 0.11298728980694796 0
1 1 1 1 0 1 0.8616458878005329 0
1 1 1 1 0 1 0.2967547513282103 0
1 1 1 1 0 1 0.6991392605399539 0
1 1 0 1 0 1 0.9999999829291142 2
1 1 1 1 0 1 0.9999999711532845 0
1 1 1 1 0 1 0.6897415331517169 0
1 1 1 1 0 1 0.3461439327742231 0
1 1 1 1 0 1 0.7337460897679648 0
1 1 1 1 0 1 0.15123363814397514 0
1 1 1 1 0 1 0.6708958669351902 2
1 1 1 1 0 1 0.45064294723411497 0
1 1 1 1 0 1 0.3659441985563636 0
1 1 1 0 0 0 0 2
1 1 1 1 1 1 0.8337885676874148 2
1 1 1 1 0 1 0.5859277648665602 1
1 1 1 1 0 1 0.4075161106000486 0
1 1 1 1 0 1 0.3036385238913183 0
1 1 1 1 0 1 0.785225187406333 0
1 0 1 1 0 1 0 0
1 1 1 1 0 1 1.0000000116398358 1
1 1 1 1 0 1 0.49068281655053525 0
1 1 1 1 0 1 0.30041342079610145 0
1 1 1 1 0 1 0 0
1 1 1 0 0 0 0.6849130622612373 2
1 1 1 1 0 1 0.2889069881972951 0
1 1 1 1 0 1 0.6523160532283128 0
1 1 1 0 0 0 0.8334886982217142 0
1 1 1 1 0 1 0 1
1 1 1 1 0 1 0.49450670186608264 0
1 1 1 1 0 1 0.312102792275796 0
1 1 1 1 0 1 0.803103386548166 0
1 1 1 1 0 1 0.6585043073631917 0
1 1 1 1 0 1 0.8649511085211755 0
1 1 1 1 0 1 0.7949251691290841 0
1 1 1 1 0 1 0.8269029457169 0
1 1 1 1 0 1 0.828651537058553 2
1 1 1 1 0 1 0.314016815197594 0
1 1 1 1 0 1 0.791393959708475 0
1 1 1 1 0 1 0.8777809630386261 2
1 1 1 1 0 1 0.9999999587149764 0
1 1 1 1 0 1 0.29680087588106824 0
1 1 1 1 0 1 0.7327692359119045 2
1 1 1 1 0 1 0.8756447916788817 0
1 1 1 1 0 1 0.8582836030717533 0
1 1 0 1 0 1 0.9999999475021897 2
1 1 1 1 0 1 0.3404923408030415 0
1 1 1 1 0 1 0.18182421858311656 0
1 1 1 1 0 1 0.7331302894974351 0
1 1 1 1 0 1 0.20159029781030882 0
1 1 1 1 0 1 0.8890255228645421 0
1 1 1 1 1 1 0.9999999773807332 1
1 1 1 1 0 1 0.8316231622576371 2
1 1 1 1 0 1 0.7080261166879603 0
1 1 1 1 0 1 0.7648812667620902 0
1 1 1 1 0 1 0.42392577375315077 0
1 1 1 1 1 1 0.7794025222025054 0
1 1 1 1 0 1 0 0
1 1 1 1 0 1 0.337646610614706 1
1 1 1 1 0 1 0.8700880084187292 1
1 1 1 1 1 1 0.8521299631984105 0
1 1 1 1 0 1 0.49097936995073993 0
1 1 1 0 0 0 0.8483652145905516 0
1 1 1 1 0 1 0.868107452986727 0
1 1 1 1 0 1 0.4469883127062676 0
1 1 0 1 0 1 0.7320486621197017 2
1 1 0 1 0 1 0.769621033077796 0
1 1 1 1 0 1 0.10014938651401409 0
1 1 1 1 0 1 0.9999999845404283 0
1 1 1 1 0 1 0.7886098087051633 0
1 1 1 1 0 1 0.9418354230565564 0
1 1 1 1 0 1 0.999999960201868 0
1 1 1 1 1 1 0.81251699102944 0
1 1 1 1 0 1 0.7859359406290075 0
1 1 1 1 0 1 0.8701118325445498 0
1 1 1 1 0 1 0.17836431803600078 0
1 1 1 1 1 1 0.7526369665942158 0
1 1 1 1 0 1 0.7887284666034229 0
1 1 1 1 1 1 0.999999967965379 2
1 1 1 1 1 1 1.0000000254390544 0
1 1 1 1 0 1 1.0000000691971973 0
1 1 1 1 0 1 0.8866772112061355 0
1 1 1 1 0 1 0.9999999900030111 0
1 1 1 1 0 1 0.20170135440694364 0
1 1 1 1 1 1 0.7731260127867228 0
1 1 1 1 0 1 0.40274864368883884 0
1 1 1 0 0 0 0.48598038507800206 0
1 1 1 1 0 1 0.77986048004672 0
1 1 1 1 0 1 0.3797101725842916 0
1 1 1 1 0 1 0.7380296386398195 0
1 1 1 1 0 1 0.42129131330167485 0
1 1 1 1 0 1 0.7921368551741735 2
1 1 1 1 0 1 0.47624104043986554 0
1 1 1 1 0 1 0.9217799845412952 0
1 1 1 1 0 1 0.26303008838618547 0
1 1 1 1 0 1 0.438140382016823 0
1 1 1 1 0 1 0.7044099162807391 0
1 1 1 1 0 1 0.8747495560912015 0
1 0 1 1 0 1 0.5728400609022212 2
1 1 1 0 0 0 0.7781998552839636 1
1 1 1 1 0 1 0.35378983877024955 0
1 1 1 1 0 1 0.7873903179090959 0
1 1 1 1 1 1 0.8661669449662951 0
1 1 1 0 0 0 0.874271617109515 2
1 1 1 1 0 1 0.29666780087361516 0
1 1 1 1 1 1 0.8216400240909786 0
1 1 1 1 0 1 0.3527847017709361 0
1 1 1 0 0 0 0.7971307645072134 0
1 1 1 1 0 1 0.7645508194469784 0
1 1 1 1 0 1 0.40714997192824964 0
1 1 1 1 0 1 0.6253648899283378 0
1 1 1 1 0 1 0.8287980746910316 0
1 1 1 1 0 1 0.41194362540317686 1
1 1 1 1 1 1 0.7799033933633092 0
1 1 1 1 0 1 0.8758893217241014 2
1 1 1 0 0 0 0.7366479544661464 0
1 1 1 1 0 1 0.839324230371132 2
1 1 1 1 0 1 0.3546992063023251 0
1 1 1 1 0 1 0.7568548024450722 0
1 1 1 1 0 1 0.5882022276837748 0
1 1 1 1 0 1 0.8937554200980219 1
1 1 1 1 0 1 0.44901652552346205 2
1 1 1 1 0 1 0.8624057703868997 0
1 1 1 0 0 0 0.8673973510858174 0
1 1 1 1 0 1 0.2665603704148197 0
1 1 1 1 0 1 0.8462408560317884 0
1 1 1 1 0 1 0.9999999829291142 0
1 1 1 1 0 1 0.10682446839387433 0
1 1 1 1 1 1 1.0000000441363366 0
1 1 1 0 0 0 0.2602032347105722 2
1 1 1 1 0 1 0.6937239304290793 0
1 1 1 1 0 1 0.649011863309018 0
1 1 1 1 0 1 0.4593502541216379 2
1 1 1 1 0 1 0.6582608938753718 0
1 1 1 1 0 1 0.8148215125900768 0
1 1 1 1 0 1 0.9090750388278205 0
1 1 1 0 0 0 0.5582166364946665 2
1 1 1 1 0 1 0.6846895395024113 2
1 1 1 1 0 1 0 2
1 1 1 1 0 1 1.0000000580540827 0
1 1 1 1 0 1 0.7464427013616353 1
1 1 1 1 0 1 0.3788477091855004 0
1 1 1 1 0 1 0.8434576676047437 0
1 1 1 1 0 1 0.7997968559785995 0
1 1 1 1 0 1 0.8862121717186132 0
1 1 1 1 0 1 0.3347574024407172 0
1 1 1 1 0 1 0.3696565110438975 0
1 0 1 1 0 1 0.4256198481842248 2
1 1 1 1 0 1 0.8295882974373736 0
1 1 0 1 0 1 0.8089919281153147 2
1 1 1 1 0 1 0.7785302966735576 0
1 1 1 1 0 1 0.7938403012416556 0
1 1 1 1 0 1 0.6406362803927006 0
1 1 1 1 0 1 0 0
1 1 1 1 0 1 0.824433305195029 2
1 1 1 1 0 1 0.21989317658084914 0
1 0 1 1 0 1 0.5085863758636088 0
1 1 1 0 0 0 0.6758729280867165 2
1 1 1 1 1 1 0.8402732035904971 0
1 1 1 1 0 1 0 0
1 1 1 1 0 1 0.7558542194704503 0
1 1 1 1 0 1 0.6849728390202656 0
1 1 1 1 0 1 0.8375423612463638 0
1 1 1 1 0 1 0.72598963022455 0
1 1 1 0 0 0 0.7358490057307453 0
1 1 1 1 0 1 1.0000000438208545 0
1 1 1 1 0 1 0.42832479164674075 0
1 1 0 1 0 1 0.7340476256029312 0
1 1 1 1 0 1 0.8218341781846678 0
1 1 1 1 0 1 0.8364570613502785 2
1 1 1 1 1 1 0.7974033909528719 0
1 1 1 1 0 1 0.48885351011743006 0
1 1 1 1 0 1 0.3673219711879711 0
1 1 1 1 0 1 0.701873299269803 0
1 1 1 1 0 1 0.32137074763562534 0
1 1 0 0 0 0 0.89796934277908 2
1 1 1 1 0 1 0.7866013374678164 0
1 1 1 1 0 1 0.9999999950069334 0
1 1 1 1 1 1 0.8245416886352573 1
1 1 1 0 1 0 0.8291127270535783 2
1 1 1 1 0 1 0.7587415555822301 0
1 1 1 1 0 1 0.1525043329778407 0
1 1 1 1 0 1 0.44285976281517364 0
1 1 1 1 0 1 0 0
1 1 1 1 0 1 1.0000000808089535 0
1 1 1 1 0 1 0.7728547294014456 2
1 1 1 0 1 0 0.7750810392001048 2
1 1 1 1 0 1 0.45302162853400474 0
1 1 1 1 0 1 0.8243819276084672 0
1 1 1 1 0 1 0.8682198808089786 2
1 1 1 1 0 1 0.2233551199621264 0
1 1 1 0 0 0 0.7246704957329354 0
1 1 1 1 0 1 0.5743382186126206 0
1 0 1 1 0 1 0.5085863758636088 2
1 1 1 1 0 1 0.9999999893559653 2
1 1 1 1 0 1 0.7892007908780995 2
1 1 1 1 0 1 0.8140640627280228 0
1 1 1 0 1 0 0.9999999427020448 0
1 1 1 1 0 1 0.9369710013260711 0
1 1 1 1 1 1 0.7729760138036729 0
1 1 1 0 0 0 0.750479968082829 2
1 1 1 1 0 1 0.3478001971802837 0
1 1 1 1 0 1 0.2985864210203142 0
1 0 1 1 0 1 0.6385471453598006 2
1 1 1 0 0 0 0.7278848095846397 0
1 1 1 1 0 1 0.695642289569568 0
1 1 1 1 0 1 0.7361765860997684 1
1 1 1 1 0 1 0.8697975743640111 2
1 1 1 1 0 1 0.8504792317524235 2
1 1 1 1 0 1 0.49431216082762475 0
1 1 1 1 0 1 0.6741130657002586 0
1 1 1 1 0 1 0.7880944668699683 0
1 1 1 1 0 1 0.8190115185699784 1
1 1 1 1 0 1 0.8160285108173672 0
1 1 1 1 0 1 0.5695239989509132 0
1 1 1 0 0 0 0.8007012825593685 2
1 1 0 1 0 1 0.7015502419400399 2
1 1 1 1 0 1 0.5264483621797976 0
1 1 1 1 0 1 0 0
1 1 1 0 0 0 0.2999118652870002 0
1 1 1 1 0 1 0.357333277880795 0
1 1 1 1 0 1 0.7861174554765911 0
1 1 1 1 0 1 0.4089611628695121 0
1 1 1 0 0 0 1.0000000254390544 0
1 0 1 1 0 1 0.5565608958925167 0
1 1 1 0 1 0 0.8491030193598944 1
1 1 1 1 0 1 0.9999999535239841 0
1 1 1 1 0 1 0.7514025586193935 0
1 1 1 0 0 0 0.3532664719975132 2
1 1 1 1 0 1 0.40251574363026343 0
1 1 1 1 0 1 0.4416312797060388 0
1 1 1 1 0 1 0.5739837703059805 0
1 1 1 1 0 1 0.32217024752744094 0
1 1 1 1 0 1 0.43199035967716853 0
1 1 1 1 0 1 0.7588883549594743 0
1 1 1 1 0 1 0 0
1 1 1 1 0 1 0.8433797458655169 0
1 1 1 1 1 1 0.9999999274136645 0
1 1 1 0 0 0 0.31413308745661395 2
1 1 1 1 0 1 0.7984064888357919 0
1 1 1 0 0 0 0.8272277621763265 2
1 1 1 0 0 0 0.5541755756738237 0
1 1 1 1 0 1 0.7567395534295456 2
1 1 1 1 0 1 0.8629624887206436 0
1 1 1 1 0 1 0.32371297350442546 0
1 1 1 1 0 1 0.806436512453464 0
1 1 1 1 0 1 0.38456996926978915 0
1 1 1 0 0 0 0.2592644731459051 2
1 1 1 1 0 1 0.5331315894681353 2
1 1 1 1 0 1 0.8303114543041625 0
1 1 1 1 0 1 0 2
1 1 1 1 0 1 0.8393510369945542 0
1 1 1 1 0 1 0.8057006479046913 0
1 1 1 1 0 1 0.7080042388223906 0
1 1 1 0 0 0 0.4481107154394763 2
1 1 1 0 1 0 0.8143586653738636 0
1 1 1 1 0 1 0.7034332797185746 0
1 1 1 1 0 1 0.7345299749705727 0
1 1 1 1 0 1 0.9346040272992914 0
1 1 1 1 0 1 0.6049294866111591 0
1 1 1 1 0 1 0.7603749468158141 0
1 1 1 1 0 1 0.7923070633320363 0
1 1 1 1 0 1 0.7247518240048744 2
1 1 1 1 0 1 0.9999999580238584 0
1 1 1 1 0 1 1.0000000042799222 0
1 1 1 1 0 1 0.8391710541140678 0
1 1 1 1 1 1 0.9165321333148839 0
1 1 1 1 0 1 0.37787723342340546 2
1 1 1 1 0 1 0.7843704840431864 0
1 1 1 1 0 1 1.0000000035563934 1
1 1 1 1 0 1 1.000000067546829 2
1 1 1 0 1 0 0 0
1 1 1 1 0 1 0.4743026174191329 0
1 1 1 1 0 1 1.0000000006376315 0
1 1 1 1 0 1 0.033406020159637874 0
1 1 1 1 0 1 0.9999998543540751 0
1 1 1 1 0 1 0.3039020808472093 2
1 1 1 0 0 0 0 1
1 1 1 1 0 1 1.000000028498296 1
1 1 1 1 0 1 0.7736429114215551 0
1 1 1 1 0 1 0.8798774135980302 0
1 1 1 1 0 1 0.8190874491162103 2
1 1 1 1 0 1 0.7697690903509092 2
1 1 1 1 0 1 0.5090415175089357 0
1 1 1 1 0 1 0.6075407765857206 0
1 1 1 1 0 1 0.999999900394259 0
1 1 1 1 0 1 0.7057217657769063 0
1 1 1 0 1 0 0.8554226561788506 1
1 1 1 0 0 0 0.744685308928933 2
1 1 1 1 0 1 0.6517799780748688 0
1 1 1 1 0 1 0.8374803055624751 1
1 1 1 1 0 1 0.9999999923716094 0
1 1 1 1 0 1 0.5125267256363292 2
1 1 1 1 0 1 0.5550428006434941 0
1 1 1 1 0 1 1.0000000624856118 0
1 1 1 1 0 1 0.719258533471955 0
1 1 1 1 0 1 0.7523499170350005 0
1 1 0 0 0 0 0.8196227738998328 2
1 1 1 1 0 1 0.7683298950289144 1
1 1 1 1 1 1 0.9999999397209609 0
1 1 1 1 0 1 0.4598762419671308 0
1 1 1 1 0 1 0.7860295669749079 2
1 1 1 1 0 1 0.865526587299331 0
1 1 1 1 0 1 0.3171855946760527 2
1 1 1 1 0 1 0.6663523130572163 1
1 1 1 1 0 1 0.26654248183769597 0
1 1 1 1 0 1 0.6758440164401189 0
1 1 1 1 0 1 0.7963719176559552 0
1 1 1 0 0 0 0.8380685925110543 2
1 1 1 1 0 1 0.8052789382442601 0
1 1 1 1 0 1 0.45131892292388276 0
1 1 1 0 0 0 0.8220565721486569 0
1 1 1 1 0 1 0.566770195672576 1
1 1 1 1 0 1 0.8232747606026966 0
1 1 1 1 0 1 0.44965713930393575 0
1 1 1 0 0 0 0.6807849607359056 0
1 1 1 1 1 1 1.0000000254390544 0
1 1 1 1 0 1 0.1756526529430295 0
1 1 1 1 0 1 0.7722370697675298 0
1 1 1 1 0 1 0.4213107419729237 0
1 0 1 1 0 1 0.6385471453598006 2
1 1 1 1 0 1 0.6211243707650775 0
1 1 1 1 0 1 0.8470681231051091 2
1 1 1 1 0 1 0.8019370816385383 1
1 1 0 1 0 1 0.738758540618218 1
1 1 0 1 1 1 0 0
1 1 1 1 1 1 0 0
1 1 1 1 1 1 1.0000000329318528 0
1 1 1 1 0 1 0.7983905221925519 0
1 1 1 1 0 1 0.8864930069249881 0
1 1 1 1 0 1 0.34181402805929406 0
1 1 1 1 0 1 0.8379054847016305 0
1 1 1 1 0 1 0.7600424464637221 0
1 1 1 1 0 1 0.4254785218382428 0
1 1 1 1 0 1 0.40812978018857665 0
1 1 1 1 0 1 0 0
1 1 1 1 0 1 0.6634980897863374 0
1 1 0 1 0 1 0.6090649730784281 2
1 1 1 1 0 1 0.6689126168956743 0
1 1 1 1 0 1 0.8036320511824689 0
1 1 1 1 0 1 0.7916545176830054 0
1 1 1 1 0 1 0.8265480734394904 0
1 1 1 1 0 1 0.4323714870372336 0
1 1 1 1 0 1 0.6857478560192342 0
1 1 1 1 0 1 0.8657054632180525 2
1 1 1 1 0 1 0.8070947743571899 0
1 1 1 1 0 1 0.7808036999210658 0
1 1 1 1 0 1 1.0000000048944748 0
1 1 1 1 0 1 0.6893339733983769 0
1 1 1 1 0 1 0.7025402012980217 0
1 1 1 1 0 1 0.7811076149567325 1
1 1 1 1 0 1 1.000000043141458 0
1 1 1 1 0 1 0.8749873760900848 0
1 1 1 0 0 0 0.8154847802660136 0
1 1 1 1 0 1 0.5329139438850737 0
1 1 1 1 1 1 0.9999999639789326 1
1 1 1 0 0 0 0.8198290655665162 2
1 1 1 1 0 1 0.8601124118542256 2
1 1 1 1 0 1 0.7382532600887587 0
1 1 1 1 0 1 0.8865101840249163 0
1 1 1 1 1 1 0.7740906862889594 1
1 1 1 1 0 1 0.44431936636601477 0
1 1 1 1 0 1 1.0000000433343883 0
1 1 1 1 0 1 0 0
1 1 1 1 0 1 0.6556513602246913 0
1 1 1 1 0 1 0.8606712788389876 0
1 1 1 1 0 1 1.000000048096027 0
1 1 1 1 0 1 0.7546111856812511 2
1 1 1 1 0 1 0.8122984281186385 0
1 1 1 1 0 1 0.6368105746917613 0
1 1 1 1 0 1 0.8635750602633815 0
1 1 1 1 1 1 0.9999999535489241 0
1 1 1 1 0 1 0.8340504996237005 2
1 1 1 1 1 1 0.8941082140674191 0
1 1 1 1 0 1 0.8685411614847712 2
1 1 1 1 0 1 0.7943254647198008 0
1 1 1 1 0 1 0.7749600831974616 0
1 1 1 1 0 1 0.9999999620055023 0
1 1 1 1 0 1 0.5923992057191447 0
1 1 1 1 0 1 0.7288399822554261 0
1 1 1 1 1 1 0.8648276334149071 2
1 1 1 1 0 1 0.7318107517104172 2
1 1 1 1 0 1 0.18126498627792947 0
1 1 1 1 0 1 0.8084468132095909 2
1 0 1 1 0 1 0.4064359136236737 2
1 1 1 1 0 1 0.37465837735087265 0
1 1 1 1 0 1 0.7293213458582289 0
1 1 1 1 0 1 0.8948232561872513 0
1 1 1 1 0 1 0.18887110968245335 0
1 1 1 1 0 1 0.8449289310704426 0
1 1 1 1 0 1 0.3605407902624861 0
1 1 1 1 0 1 0.8261349631600847 1
1 1 1 1 0 1 0.5153084838657649 0
1 1 1 1 0 1 0.814529082924798 0
1 1 1 1 0 1 0.7455706550274349 0
1 1 1 1 0 1 0.35523508927131714 2
1 1 1 1 0 1 0.6793955855392104 0
1 1 1 0 0 0 0.35836313444704215 1
1 1 1 1 0 1 0.613014558311712 0
1 1 1 0 0 0 0.8101747466854207 0
1 1 1 1 0 1 0.8117427248216293 0
1 1 1 1 0 1 0.7850745878702897 0
1 1 1 1 0 1 0.8057908649279351 0
1 1 1 1 0 1 0.6026696225140792 0
1 1 1 1 0 1 0.8425775853459467 0
1 1 1 1 0 1 0.24188091768256129 0
1 1 1 1 0 1 0.21284769035371812 0
1 1 1 1 0 1 0.40152776414451685 0
1 1 1 1 0 1 0.8327023504237211 2
1 1 1 0 0 0 0.7998089891595931 0
1 1 1 1 0 1 0.7768293638685377 0
1 1 1 1 0 1 0.4058936417814557 0
1 1 1 1 0 1 0.7100694129481355 1
1 1 1 1 1 1 0.7691784071503205 0
1 1 1 1 0 1 0.8297207918276204 0
1 1 1 1 0 1 0.8303527156516028 0
1 1 1 1 0 1 0.4113057116361131 1
1 1 1 1 1 1 0.8172525002137633 2
1 1 1 1 0 1 0.41458767595790885 0
1 1 1 0 0 0 0.4295533787237402 2
1 1 1 0 0 0 0.6085944609243837 2
1 1 1 1 1 1 0.999999988330968 0
1 1 1 1 0 1 0.32827533716585017 0
1 1 1 1 0 1 0.5755596831613308 0
1 1 1 1 0 1 0.8401496577724745 0
1 1 1 1 1 1 0.7457531131330347 0
1 1 1 0 1 0 0.721713940089924 1
1 1 1 1 0 1 0.7807126048555132 0
1 1 1 1 0 1 0.6982989825362412 2
1 1 1 1 0 1 0.735635582603254 0
1 1 1 0 0 0 0.7695880515553785 0
1 1 1 1 0 1 0.39187733004603786 0
1 1 1 1 0 1 0.3388950831291951 0
1 1 1 1 1 1 0.8344566524681909 0
1 1 1 1 0 1 0.9999999664143704 0
1 1 1 0 0 0 0.3823199271389283 1
1 0 1 1 0 1 0.6688730745347304 0
1 1 1 1 1 1 0.7122159220458959 0
1 1 0 1 0 1 0.6216929133585222 2
1 1 1 1 0 1 0.6916537519266521 0
1 1 1 1 0 1 0.9197019932788539 0
1 1 1 1 0 1 1.0000000041734605 0
1 1 1 1 0 1 0.8559586796707297 0
1 1 1 1 0 1 0.27355815765138314 0
1 1 1 1 0 1 0.5948774215287839 0
1 1 1 1 0 1 0.41287473082975745 0
1 1 1 1 0 1 0.38927241344996727 0
1 1 1 1 0 1 0.8424534084137564 0
1 1 1 1 0 1 0.779214916649609 0
1 1 1 1 0 1 0.1662772865559726 0
1 1 1 1 0 1 0.8731144245130762 2
1 1 1 1 0 1 0.4103178268298914 1
1 1 1 1 0 1 0.8740457796087999 0
1 1 1 1 0 1 0.8515984982643303 0
1 1 1 1 0 1 0.7671767821191644 0
1 1 1 0 0 0 0.4450907380903354 0
1 1 1 0 0 0 0.3804219992925819 2
1 1 1 1 0 1 0.8184323443725966 0
1 0 1 1 0 1 0.5085863758636088 2
1 1 1 1 0 1 1.0000000329318528 0
1 1 1 1 0 1 0.9999999558499558 0
1 1 1 1 0 1 0.4954224908593094 1
1 1 0 1 1 1 0 2
1 1 1 1 0 1 0.41148147840849286 0
1 1 1 1 0 1 0.7312894323648844 0
1 1 1 1 0 1 0 0
1 1 1 1 0 1 0.640150958962363 0
1 1 1 0 0 0 0.15322013108135674 2
1 1 1 1 0 1 0.6994695054013303 0
1 1 1 1 0 1 0.8507564629834437 1
1 1 1 1 1 1 0.8305835097759409 0
1 1 1 1 0 1 0.9999999475021897 0
1 1 1 1 0 1 0.29079895248856297 0
1 1 1 1 1 1 0.6975635206467916 0
1 1 1 1 0 1 0.411957960969735 0
1 1 1 1 0 1 0.9999999946409446 0
1 1 1 1 0 1 0.9999999765975462 0
1 1 1 1 0 1 0.1293878071972387 2
1 1 1 0 0 0 0.8177592574348045 0
1 1 1 1 0 1 0.5582876850442879 2
1 1 1 1 0 1 0.3635815888397916 1
1 1 1 0 0 0 0.8428833639998559 0
1 1 1 1 0 1 0.5848023895842872 0
1 1 1 1 0 1 0.8636279791234804 2
1 1 1 1 0 1 0.8684025452783865 0
1 1 1 1 0 1 0.27524253881252997 0
1 1 1 1 0 1 0.8529426139042794 0
1 1 1 1 0 1 1.0000000353488099 0
1 1 1 1 0 1 0.5661271573150747 1
1 1 1 1 0 1 0.7744998211448637 1
1 1 1 1 0 1 0.8405862802391942 0
1 1 1 1 0 1 0.4946098891750988 1
1 1 1 1 0 1 0.851097394258508 0
1 1 1 1 0 1 0.5052410597202703 2
1 1 1 1 0 1 0.5961464474454583 0
1 1 1 1 0 1 0.3750536529109544 2
1 1 1 1 0 1 0.5327506181388855 0
1 1 1 1 0 1 0.373706125665442 0
1 1 1 1 0 1 0.814303372794646 0
1 1 1 1 0 1 0.7202242065342379 0
1 1 1 1 0 1 0.7505601001080328 0
1 1 1 1 0 1 0.4489028097178941 0
1 1 1 1 0 1 0.7314172096354166 2
1 1 1 1 0 1 0 0
1 1 1 1 1 1 1.0000000352023397 1
1 1 1 1 0 1 0.8246841101758758 0
1 1 1 1 0 1 0.8559106778221922 2
1 1 1 1 0 1 0.34542601507581333 0
1 1 1 1 0 1 0.801697952353262 0
1 1 1 0 0 0 0.9999999910101752 0
1 1 1 1 1 1 1.0000000190913343 0
1 1 1 1 0 1 0.5558457750873369 0
1 1 1 1 0 1 0.8362567002525613 0
1 1 1 1 1 1 1.0000000254390544 1
1 1 1 1 0 1 0.5610417149499821 0
1 1 1 1 0 1 0.7103582789036973 0
1 1 0 0 0 0 0.7579604333964037 0
1 1 1 1 0 1 0.8269262102933645 0
1 1 1 0 0 0 0.5706338995611179 2
1 1 1 0 0 0 0.8470722100658484 2
1 1 1 1 0 1 0.6781422221422206 0
1 1 1 1 0 1 0.8936244647191576 0
1 1 1 0 0 0 0.7164857624336285 1
1 1 1 1 0 1 0.48576537157377403 0
1 1 1 0 0 0 0.7755558164784713 1
1 1 1 1 0 1 0.6768023481686408 0
1 1 1 1 0 1 0.8412316498596248 0
1 1 1 1 0 1 0.3593972667237663 0
1 1 1 1 0 1 0.8249197056938065 0
1 1 1 1 1 1 0.9999999911148267 1
1 1 1 1 0 1 0.6880192202655498 0
1 1 1 1 0 1 0.7761538696827982 2
1 1 1 1 0 1 0 0
1 1 1 1 0 1 0.8476574669312735 0
1 1 1 1 1 1 0.8033105907563489 0
1 1 1 1 0 1 0.7717134161310975 0
1 1 1 1 0 1 0.3745993438166417 0
1 1 1 1 0 1 0.8083532630199455 2
1 1 1 1 0 1 0.873444280734916 1
1 1 1 1 1 1 0 0
1 1 1 1 0 1 0.7953905480814931 0
1 1 1 1 0 1 0.04402159086644841 0
1 1 1 1 1 1 1.0000000508878744 0
1 1 1 1 0 1 0.7722938291099875 0
1 1 1 1 0 1 0.8594615347870216 0
1 1 0 1 0 1 0.7168738910948386 2
1 1 1 1 0 1 0.83114229625071 0
1 1 1 1 0 1 0.5442340174528206 0
1 1 1 1 1 1 0.9999999604866605 0
1 1 1 0 1 0 1.0000000262395214 2
1 1 1 1 0 1 0.38751105691134297 0
1 1 1 0 0 0 0.999999980414871 2
1 1 1 1 0 1 0.45818315613912214 0
1 1 1 1 0 1 1.000000094412981 0
1 1 1 0 0 0 0.22068312518259542 1
1 1 1 1 0 1 0.7197231618539259 0
1 1 1 1 0 1 0.8248156001383206 0
1 1 1 0 0 0 0.7829537728630949 2
1 1 1 1 0 1 0.5734653075780969 0
1 1 1 1 0 1 0.8151324682907868 0
1 1 0 1 0 1 0.7531884427049749 2
1 1 1 1 0 1 0.8460810903507502 0
1 1 1 1 0 1 0.767644980219052 0
1 1 1 1 0 1 0.2292448472607616 0
1 1 1 1 0 1 0 0
1 1 1 1 0 1 0.8466219023435867 0
1 1 1 0 0 0 0.7582713698235584 1
1 1 1 0 1 0 0.8935526571705085 1
1 1 1 1 0 1 0.8926452574375214 1
1 1 1 1 0 1 0.4031763617368904 0
1 1 1 1 0 1 0.999999968375103 0
1 1 0 1 1 1 0.9999999911148267 2
1 1 0 1 0 1 0.8554421368447332 0
1 1 1 1 0 1 0.8488525817615754 0
1 1 1 1 0 1 0.5484265348000475 0
1 1 1 1 0 1 0.6725072416301368 0
1 1 1 1 0 1 0.8210444871946947 0
1 1 1 0 1 0 0.7719185423636679 0
1 1 1 1 0 1 1.0000000283571182 1
1 1 1 0 0 0 0.3791982052117141 0
1 1 1 1 0 1 0.30712499123647025 0
1 1 1 1 0 1 0.3968880733061378 0
1 1 1 0 0 0 0.8302634181088631 0
1 1 1 1 0 1 0 0
1 1 1 1 0 1 0.5730200576530103 0
1 1 1 1 0 1 0.745514470507548 1
1 1 1 1 1 1 0.9999999711532845 0
1 1 1 1 0 1 0.5731722854671332 2
1 1 1 0 0 0 0.715649441061338 2
1 1 1 1 0 1 0.7818507781301887 1
1 1 1 0 0 0 0.7985042326362638 0
1 1 1 1 0 1 0 0
1 1 1 1 0 1 0.1500081975106059 0
1 1 1 0 0 0 0.6311230439450052 0
1 1 1 1 0 1 0.8298582108441453 1
1 1 1 1 0 1 0.8185526491698932 0
1 1 1 1 0 1 0.7642364873814096 0
1 1 1 1 0 1 0 0
1 1 1 1 0 1 0.3134635815392434 0
1 1 1 1 0 1 0.8152980360874911 0
1 1 1 0 0 0 0.8371664765075045 2
1 1 1 1 1 1 0.8091451029152013 2
1 1 1 1 0 1 0.8619607862249254 0
1 1 1 1 0 1 0.6050864603964266 0
1 1 1 1 1 1 1.0000000572684817 2
1 1 1 0 0 0 0.7152207339904609 0
1 1 1 1 0 1 0.7348224866725924 0
1 1 1 1 0 1 0.7983625410411013 0
1 1 1 1 0 1 0.870009599025334 0
1 1 1 1 0 1 0.8165940166014487 2
1 1 1 1 1 1 0.8919690969169887 2
1 1 1 1 0 1 0.7452272842326748 2
1 1 1 1 0 1 0.8661708731241791 0
1 1 1 1 0 1 0.7389226339590909 0
1 1 1 1 0 1 0.838870185965721 0
1 1 1 1 0 1 0.8791405206902865 1
1 1 1 1 0 1 0.6321724973960241 0
1 1 1 1 0 1 0.9999999840574126 2
1 1 1 1 0 1 0.7623861597804663 1
1 1 1 1 0 1 0.34395742859029266 0
1 1 1 0 0 0 0.4053542364935323 2
1 1 1 1 0 1 0.7072502890767669 0
1 1 1 1 0 1 0.84179333876349 1
1 1 1 1 0 1 0 2
1 1 1 1 0 1 0.3128445553708147 0
1 1 1 1 0 1 0.6959132024101947 0
1 1 1 0 0 0 0.4191162613506593 0
1 1 1 1 0 1 0.4670721479535533 0
1 1 1 1 0 1 0.5402965416116751 0
1 1 1 0 0 0 0.3642985583003898 1
1 1 1 1 0 1 0.2381426363639111 0
1 1 1 1 1 1 0.8605509438203742 0
1 1 1 1 0 1 0.653445649608603 0
1 1 1 0 0 0 0.45889274007106634 0
1 1 1 1 0 1 0.7737538511774273 0
1 1 0 1 0 1 0.5528440383715655 1
1 1 1 0 0 0 0 0
1 1 1 1 0 1 0.6683786812129245 0
1 1 1 0 0 0 0.9112991726601862 2
1 0 1 1 0 1 0.5818303034239551 2
1 0 1 1 0 1 0.20697930736281808 0
1 1 1 1 0 1 0.5734478164052098 0
1 1 1 1 0 1 0.8764422033073348 0
1 0 1 0 0 0 0 0
1 1 1 1 1 1 1.0000000528832798 2
1 1 1 1 0 1 0.9239231728257321 0
1 1 1 1 0 1 0.5896903360555567 0
1 1 1 1 0 1 1.0000000508878744 1
1 1 1 1 0 1 0.8099777138351348 2
1 1 1 1 0 1 0.7084785144793353 0
1 1 1 1 1 1 0.8357413784048523 2
1 1 1 1 0 1 0.8037553698840182 0
1 1 1 1 0 1 0.36382493234934093 1
1 1 1 1 0 1 0.4443136195437821 0
1 1 1 1 0 1 0.7926542642556774 0
1 1 1 1 0 1 0.999999906459032 0
1 1 1 1 0 1 0.5242829285903732 0
1 1 1 1 0 1 1.0000000006376315 0
1 1 1 1 0 1 0.6157851228220361 0
1 1 1 1 0 1 0.7423517393826283 0
1 1 1 1 0 1 0.5912974241842578 0
1 1 1 1 0 1 0.6208237901891865 0
1 1 1 1 0 1 0.8797531460056249 0
1 1 1 1 0 1 0.41856806690942777 2
1 1 1 1 1 1 0.8011737364927862 0
1 1 1 0 0 0 0.7850934028182643 0
1 1 1 1 0 1 0.33715634222863033 0
1 1 1 0 0 0 0.8871373124210673 0
1 1 1 1 0 1 1.0000000345461528 0
1 1 1 1 0 1 0.8525267262477643 0
1 1 1 1 0 1 0.35188404207925444 0
1 1 1 1 0 1 0.7906947320240085 0
1 1 1 1 1 1 0.8755585546747947 0
1 1 1 1 0 1 0.4605604862437915 2
1 1 1 1 0 1 0 2
1 1 1 1 0 1 0.7075020769927524 0
1 1 1 1 0 1 0.3172042897529992 0
1 1 1 1 1 1 0.999999993273494 0
1 1 1 1 0 1 0.6659027520051195 1
1 1 1 1 0 1 0.8748857092761574 0
1 1 1 1 0 1 0.7673051632423387 0
1 1 1 1 0 1 0.8257735697203544 0
1 1 1 1 0 1 0.8593560370078399 0
1 1 1 1 0 1 0.8407536350696541 1
1 1 1 1 0 1 0.741193448012454 1
1 1 1 1 0 1 0.7397574769873005 1
1 1 1 0 0 0 0 0
1 1 1 1 0 1 0.9999999903868421 1
1 1 1 1 0 1 0.8461333281288859 0
1 1 1 1 1 1 0.7680232565173789 2
1 1 1 1 0 1 0.035486152305928734 0
1 1 1 1 0 1 0.8221257143738019 0
1 1 1 0 0 0 0.8343998336256576 1
1 1 1 1 0 1 0.39057280758298246 0
1 1 1 1 0 1 0.6605256570730806 0
1 1 1 0 0 0 1.0000000006376315 2
1 1 1 1 0 1 0.4067760594866409 0
1 1 0 1 0 1 0.9999999554260587 2
1 1 1 0 0 0 0.9204157835952238 2
1 1 1 0 0 0 1.0000000197770622 2
1 1 1 1 0 1 0 0
1 1 1 0 0 0 0.29774237530397873 0
1 1 1 1 0 1 0.37197629741184807 0
1 1 1 0 0 0 0.6176411179569521 1
1 1 1 1 0 1 0.7761644565898237 0
1 1 1 1 0 1 0.6637895698718017 2
1 1 1 1 0 1 0.8488551647968036 2
1 1 1 1 0 1 0.8363213848313242 0
1 1 1 0 0 0 0.8537351856093989 0
1 1 1 0 0 0 0.9036613183101285 1
1 1 1 0 0 0 0.813694207216266 1
1 1 1 1 0 1 0.2572692902533402 1
1 1 1 1 0 1 0.5289644007140343 0
1 1 1 0 0 0 0.7227003894826839 1
1 1 1 1 0 1 0.8592985034603614 0
1 1 1 0 0 0 0.6452687675862919 2
1 1 1 0 0 0 0.6797688954903518 1
1 1 1 1 0 1 0 0
1 1 0 1 0 1 0.8103268297976843 2
1 1 1 1 0 1 0.7822667700917746 0
1 1 1 1 0 1 0.4867801743180024 0
1 1 1 0 0 0 0.8138413329835846 0
1 1 1 0 0 0 0.39067432012792896 0
1 1 1 1 0 1 0.8556105553210709 0
1 1 1 1 0 1 0.7847661972033846 2
1 1 1 1 0 1 0.45569484130326443 0
1 1 1 0 0 0 0.36799075287490546 1
1 1 1 1 0 1 0.7906816561924915 0
1 1 1 1 0 1 0.7218764077750884 0
1 1 1 1 0 1 0 0
1 1 1 0 0 0 0.656514816535986 1
1 1 1 1 0 1 0.5524274118170626 0
1 1 1 0 0 0 0.918496749070063 0
1 1 1 0 0 0 0.14767755781631742 2
1 1 1 1 0 1 0.7843230586153584 1
1 1 1 1 0 1 0.5148025855224728 1
1 1 1 1 0 1 0.879095328590123 0
1 1 1 1 0 1 0.2906801922533658 0
1 1 1 1 0 1 0 0
1 1 1 1 0 1 0.8141851474381955 0
1 1 1 0 0 0 0.700491440176872 1
1 1 1 1 0 1 0.6502505388923251 0
1 1 1 1 0 1 0.8724231247895823 0
1 1 1 1 0 1 0.27868688914580436 0
1 1 1 1 0 1 0.9155781250353063 0
1 1 1 1 0 1 0.9999999838382397 0
1 1 1 0 0 0 0.8175830196377231 0
1 1 1 0 0 0 0.7199860059816323 2
1 1 1 1 1 1 0.8404994063585474 0
1 1 1 1 0 1 0.6331565797946979 0
1 1 1 1 0 1 0.8538307154225808 0
1 1 1 1 0 1 0.5718777227536025 2
1 1 1 1 0 1 0.8393912712403423 0
1 1 1 0 0 0 0.7014167771850156 2
1 1 1 1 0 1 0.8467324509793551 1
1 1 1 1 0 1 0.6556013951223603 0
1 1 1 1 0 1 0.7249061326553851 2
1 1 1 0 0 0 0.7023657166754704 0
1 1 1 0 0 0 1.000000057380921 0
1 1 1 1 0 1 0.8451207642865706 0
1 1 1 1 0 1 0.786343081593683 0
1 1 1 1 1 1 0.8488216886270604 0
1 1 1 1 0 1 0.29634542983308787 0
1 1 1 0 0 0 0.859658240178364 2
1 1 1 1 1 1 0.7495609818467764 2
1 1 1 1 0 1 0.8397884126821272 0
1 1 1 0 1 0 0.8452263046938474 0
1 1 1 1 0 1 0.234405533781461 1
1 1 1 1 0 1 0.7237857507989282 0
1 1 1 0 0 0 0 2
1 1 1 0 0 0 0.7820652859842562 0
1 1 1 1 0 1 0.18207769246328404 0
1 1 1 1 0 1 0.36591089374036256 0
1 1 1 0 0 0 0.780796497241004 0
1 1 1 1 0 1 0.2234949944607328 0
1 1 1 0 0 0 0.9999999976622188 2
1 1 1 1 0 1 0.889466040940214 0
1 1 1 1 0 1 0.7445826605809713 0
1 1 1 1 0 1 0.43082009267716437 0
1 1 1 1 0 1 0 0
1 1 1 1 0 1 0.4384066110640888 0
1 1 1 1 0 1 0.4850952706892162 0
1 1 1 1 0 1 0.7819278491030369 0
1 1 1 1 0 1 0 0
1 1 1 1 0 1 0.7549259097512399 0
1 1 1 1 0 1 0.8024115183787649 0
1 1 1 1 0 1 0.8034634119974322 0
1 1 1 1 0 1 0.8317850377772161 0
1 1 1 0 0 0 0.4973334307874598 2
1 1 1 1 0 1 0.7556355592840156 0
1 1 1 1 0 1 0.6685295842333171 2
1 1 1 1 0 1 0.6816275405507931 0
1 1 1 1 0 1 0.8426286015040101 0
1 1 1 1 0 1 0.3008102627418146 0
1 1 1 1 0 1 0.7620256171893812 1
1 1 1 1 0 1 0 0
1 1 1 1 0 1 0.20864329336345702 0
1 1 1 1 0 1 0.7355642395610159 0
1 1 0 1 0 1 0.99999994890797 0
1 1 1 0 1 0 0.7846098969131197 0
1 1 1 1 0 1 0.6463233090362349 0
1 1 1 0 1 0 0.8670780946756487 0
1 1 1 0 0 0 0.8390704368334462 0
1 1 1 0 0 0 0.6660299933436514 0
1 1 1 1 0 1 0.653600929255083 0
1 1 1 0 0 0 0.5969657405898796 2
1 1 1 1 0 1 0.6357313210011799 0
1 0 1 1 0 1 0.5085863758636088 1
1 1 1 1 0 1 0 0
1 1 1 1 0 1 0.7845708654492626 0
1 1 1 1 0 1 0.7268311829464852 0
1 1 1 0 0 0 0.3551015399509475 1
1 1 1 1 0 1 0 2
1 1 1 1 0 1 0.10275405526487456 0
1 1 1 1 0 1 0.7111610090814295 0
1 1 1 1 0 1 0 0
1 1 1 1 0 1 0.8697016774756481 0
1 1 1 1 0 1 0.4509712862354094 0
1 1 1 1 0 1 0.7621172631971593 0
1 1 1 1 0 1 0.10498401872296186 0
1 1 1 0 0 0 0.4258750725627688 0
1 1 1 1 1 1 0.7904773439917205 0
1 1 1 1 0 1 0.21903707566568476 0
1 1 1 0 1 0 1.0000000103134357 2
1 1 1 1 0 1 0.8146012701946747 0
1 1 1 1 0 1 1.0000000366598762 2
1 1 1 1 0 1 0.7297065556524649 0
1 1 1 1 0 1 1.0000000254390544 0
1 1 1 1 1 1 1.0000000520339332 0
1 1 1 1 0 1 0 0
1 1 1 1 0 1 0.27562734882772866 2
1 1 1 1 0 1 0 0
1 1 1 0 0 0 0.7245259868922893 0
1 1 1 1 0 1 0.4615320832299305 0
1 1 1 0 1 0 1.0000000699327396 0
1 1 1 1 0 1 0.9999999045040375 0
1 1 1 0 0 0 0.816475662343578 1
1 1 1 0 0 0 0.8212822775209744 0
1 1 1 1 0 1 0.6954578478731409 0
1 1 1 1 0 1 0.8323025663307663 0
1 1 1 1 0 1 0.8175153913489005 0
1 1 1 1 0 1 0 1
1 1 1 1 0 1 0.9999999829291142 0
1 1 1 0 0 0 0.2102059676341898 0
1 1 1 1 0 1 0.720987331087225 0
1 1 1 1 0 1 0.915257596459048 0
1 1 1 1 0 1 0.7861117979399479 0
1 1 1 1 0 1 1.0000000698150733 0
1 1 0 1 0 1 0.8181042169445837 2
1 1 1 1 0 1 0.1979086973750048 0
1 1 1 1 0 1 0.3625519737643382 2
1 1 1 1 0 1 0.7985941486485736 0
1 1 1 1 1 1 0.8586461285881505 2
1 1 1 1 0 1 0.37815204598287916 0
1 1 1 1 0 1 0.37032313314594684 0
1 1 1 1 0 1 0.7863857262848161 0
1 1 1 1 0 1 0.860807780061276 0
1 1 1 0 0 0 0.7908976549663056 1
1 1 1 1 0 1 0.8407749541716408 2
1 1 1 1 0 1 0.8710011718884552 0
1 1 1 1 0 1 0.4894491671719636 2
1 1 1 1 0 1 0.5424236821604173 0
1 1 1 1 0 1 0.38545518213795155 0
1 1 1 1 0 1 0.24535941581546938 0
1 1 1 1 0 1 0.8292821829729384 0
1 1 1 1 0 1 0.30458496755697423 0
1 1 1 1 0 1 1.0000001058761812 0
1 1 1 1 0 1 0.6872720429770038 1
1 1 1 1 0 1 0.5139692670638751 0
1 1 1 1 0 1 0.28600673827745976 0
1 1 1 1 0 1 0.6744881251428156 0
1 1 1 0 0 0 0.8660884575996763 0
1 1 1 1 0 1 1.0000000774673408 2
1 1 1 0 0 0 0.7872640974567009 1
1 1 1 1 0 1 0.30641801363019744 0
1 1 1 1 0 1 0.7858336905661281 2
1 1 0 1 0 1 0.8586554146042727 0
1 1 1 1 0 1 0.8319510664377265 1
1 1 1 1 0 1 0.8094729142304499 0
1 1 1 1 0 1 0.500512918554215 0
1 1 1 0 1 0 0.8261155875688927 1
1 1 1 1 0 1 0.89740896561056 0
1 1 1 1 0 1 0.9999999757490506 0
1 1 1 0 0 0 0 0
1 1 1 1 0 1 0.5277686016036928 0
1 1 1 1 0 1 0.8862092390600065 0
1 1 1 0 0 0 0.9022162591430858 1
1 1 1 1 0 1 0.32273036982382153 0
1 1 1 1 0 1 0.6307988348984346 0
1 1 1 0 0 0 0.7925394365646972 0
1 1 1 1 0 1 0.5341624251266943 0
1 1 1 1 1 1 1.0000000611177005 0
1 1 1 1 0 1 1.0000000245068208 1
1 1 1 1 0 1 0.7320771204724527 0
1 1 1 1 0 1 0.8561804192599024 1
1 1 1 0 0 0 0.8299098975021423 0
1 1 1 1 0 1 0.47350091968893077 0
1 1 1 1 0 1 1.0000000180254247 0
1 1 0 1 0 1 0.4823885688170596 2
1 1 1 1 0 1 0.784379389963408 0
1 1 1 0 1 0 0.9999999307351671 2
1 1 1 1 0 1 0.8526524820664825 1
1 0 1 1 0 1 0.5084018980732339 0
1 1 1 1 0 1 0.8261209076201086 0
1 1 1 0 0 0 0.13724272071345658 1
1 1 1 1 0 1 0 0
1 1 1 1 0 1 0.7939449788535174 0
1 1 1 1 0 1 0.7129811260395146 0
1 1 1 1 0 1 0.2808423517907066 0
1 1 1 1 0 1 0.2639027681788906 0
1 1 1 1 0 1 0.3600274243372259 0
1 1 1 1 1 1 1.0000000090090182 2
1 1 1 1 0 1 0.4401768294107629 0
1 1 1 1 0 1 0.18177902968483897 2
1 0 1 1 0 1 0.6385471453598006 0
1 1 1 1 0 1 0.8188013972730439 0
1 1 1 1 0 1 0.906577811486836 0
1 1 1 1 0 1 0.34733256667660456 0
1 1 1 1 0 1 0.7545599529114383 0
1 1 1 1 0 1 0 0
1 1 1 1 0 1 0.5817634684871273 0
1 1 1 0 0 0 0.37265491332055123 0
1 1 1 1 0 1 0.7992837898360406 0
1 1 1 0 0 0 0.8679469359261172 0
1 1 1 1 0 1 0.7156419659401203 0
1 1 1 1 0 1 0.7970433812335709 0
1 1 1 1 0 1 0 0
1 1 1 1 0 1 0.7763661798869186 0
1 1 1 0 0 0 0.7462612346872651 2
1 1 1 1 0 1 0 0
1 1 1 0 0 0 0.9999999675258243 2
1 1 1 1 0 1 0.8278585821796345 0
1 1 0 1 0 1 0.6808214553986598 2
1 1 1 1 0 1 0.822536884011118 0
1 1 1 1 0 1 0.7868551807675517 0
1 1 1 1 0 1 0.9999999961595015 0
1 1 1 1 0 1 0.41299290872061534 0
1 1 1 1 0 1 0 0
1 1 1 1 0 1 0.7967212379185241 0
1 0 1 0 0 0 0.5192646442766797 2
1 1 1 1 0 1 0.39995058605449785 0
1 1 1 0 0 0 0.8057449193543518 2
1 1 1 1 0 1 0.8492411873987231 0
1 1 1 1 0 1 0.8877945419455218 0
1 1 1 1 0 1 0.7350682962950779 0
1 1 1 0 0 0 0.8154847802660136 0
1 1 1 1 0 1 0.7651395258978732 1
1 1 1 1 0 1 0.8317571108082373 0
1 1 1 1 0 1 0.4357923478330077 0
1 1 1 1 0 1 0.25492386030303865 0
1 1 1 1 0 1 0.9025403940954506 0
1 1 1 1 0 1 0.662704685543061 0
1 1 1 1 0 1 0.5897471184832154 1
1 1 1 1 0 1 0.39807790198230153 0
1 1 1 1 0 1 0.7949114583953552 0
1 1 0 1 0 1 0.3043729830145475 0
1 1 1 0 0 0 0.9022929493282091 2
1 1 1 1 0 1 0.49167966083930986 0
1 1 1 0 0 0 0.31867972525446714 0
1 1 1 1 0 1 0.8431524108857755 0
1 1 1 1 0 1 0.27866558830544674 0
1 1 1 1 0 1 0.9999999819601328 0
1 1 1 1 0 1 0.8131089978395367 2
1 1 1 1 0 1 0.8453123308521343 2
1 1 1 1 0 1 0.9999999663272506 0
1 0 1 1 0 1 0.5498290264519299 1
1 1 1 1 0 1 0.30640899217737927 0
1 1 1 1 0 1 0.2837815111877275 0
1 1 1 1 0 1 0.7744667454370868 0
1 1 1 1 0 1 0.5288210667314953 0
1 1 1 1 1 1 0.9999999603127934 0
1 1 1 1 0 1 0.4470327147765515 0
1 1 1 1 0 1 0.830059625367687 0
1 1 1 1 0 1 0.37400552157720496 0
1 1 0 1 0 1 0.9999999464705497 2
1 1 1 0 0 0 0.7803891549167038 2
1 1 1 1 0 1 0.805907718773737 1
1 1 1 1 0 1 0.6922872622508145 0
1 1 1 1 0 1 0.6282018010919023 0
1 1 1 1 0 1 0.7240750104375265 2
1 1 1 1 0 1 0.424079932224934 0
1 1 1 1 0 1 0.814729936955817 0
1 1 1 1 0 1 0.32031682388141997 0
1 1 0 1 1 1 0.8524255514694147 2
1 1 1 0 1 0 0.9999999935163222 0
1 1 1 0 1 0 0.82510909519945 2
1 1 1 0 0 0 0.7346729540524449 1
1 1 1 1 0 1 0.32421959160590735 0
1 1 1 1 0 1 0.6102328347842689 0
1 1 1 1 0 1 0.7090613958792781 0
1 1 1 1 0 1 0.8376547494114143 0
1 1 1 1 0 1 0.22789400429077775 0
1 1 1 1 0 1 0.7439264327071973 0
1 1 1 1 0 1 0.7259668337378967 0
1 1 1 1 0 1 0.7085135069631991 0
1 1 1 1 0 1 0.7555892242414107 0
1 1 1 1 1 1 0.8275451557673684 0
1 1 1 1 0 1 0.7382181037505743 0
1 1 1 0 0 0 0.7932458704105174 1
1 1 1 1 0 1 0.600865469810662 0
1 1 1 0 0 0 0.2923295394708589 0
1 1 1 1 0 1 0.542824146311198 0
1 1 1 1 0 1 0.9999999838382397 2
1 1 1 1 0 1 0.23493795408490245 0
1 1 1 1 1 1 0.7051327918066645 0
1 1 1 0 0 0 0.8271382367128672 0
1 1 1 1 0 1 0.6775370470147577 0
1 1 1 1 1 1 0 0
1 1 1 0 0 0 0.8552580180721768 2
1 1 1 1 0 1 0.5774593786550286 0
1 1 1 1 0 1 0.42487704582915564 0
1 1 1 1 0 1 0.9999999829182994 0
1 1 0 0 0 0 0.4086166330145959 1
1 1 1 1 0 1 0.7109389335605568 2
1 1 1 1 0 1 0.2623414124597707 2
1 1 1 1 0 1 0.8123609245321113 0
1 1 1 1 0 1 0.6955317828844445 0
1 1 0 1 0 1 0.43997423162301014 2
1 0 1 1 0 1 0.6385471453598006 2
1 1 1 1 1 1 0.9999999829291142 0
1 1 1 1 1 1 0.7544756183019078 0
1 1 1 1 0 1 0.8765334298964926 0
1 1 1 1 0 1 0.4165396429206446 0
1 1 1 1 0 1 0.6418198015568731 0
1 1 1 1 0 1 0.8176904126151372 0
1 1 1 1 0 1 0.5303501829267896 0
1 1 1 1 0 1 1.0000000311250998 0
1 1 1 1 0 1 0.7446985067418267 2
1 1 1 1 1 1 0.8564608105608444 0
1 1 1 1 0 1 0.9137048676058528 1
1 1 1 1 1 1 0.8534129295400904 0
1 1 1 1 0 1 0.8608959909738013 0
1 1 1 1 0 1 0.8909150755691276 0
1 1 1 0 0 0 0.6146655193532597 0
1 1 1 1 0 1 0.7104730335780903 0
1 0 1 1 0 1 0.5552919391751697 2
1 0 1 1 0 1 0.5085863758636088 0
1 1 1 0 0 0 0.44572543617440064 0
1 1 1 1 0 1 0.9999999567448384 0
1 1 1 0 1 0 0 0
1 1 1 1 0 1 0 0
1 1 1 1 0 1 0.8503845898183666 0
1 1 1 1 0 1 0.14782055256177257 0
1 1 1 1 0 1 0.6770616610332112 0
1 1 1 1 0 1 0.565617697953719 1
1 1 1 1 0 1 0.8434298166698558 0
1 1 1 1 0 1 0.7421112584640965 0
1 1 1 1 0 1 0.24431338453173154 0
1 1 1 1 0 1 0.7918989521024533 0
1 1 1 1 0 1 0.8073229533310634 0
1 1 1 1 0 1 0.37545875951920915 0
1 1 1 1 0 1 0.47815691579666175 0
1 1 1 1 0 1 0.40317971260836305 0
1 1 1 1 0 1 0.8525143922157477 0
1 1 1 1 1 1 0.7733510846310202 1
1 1 1 1 0 1 0.7451456715356218 0
1 1 1 1 0 1 1.0000000977333519 0
1 1 1 1 0 1 0.8029134437472355 0
1 1 1 1 0 1 0.8636618769255483 0
1 1 1 1 0 1 0.6898870782114805 0
1 1 1 1 0 1 0.896546988147743 0
1 1 1 1 0 1 0 0
1 1 1 1 0 1 0.6166510851697506 0
1 1 1 1 0 1 0.30962317089357866 0
1 1 1 1 0 1 0.816817978966948 0
1 1 1 1 0 1 0.8544106897062247 0
1 1 1 1 0 1 0.41671407956027945 0
1 1 1 1 0 1 0.14078618116572256 0
1 0 1 1 0 1 0.3829108522364691 2
1 1 1 1 0 1 0.7561025901844659 0
1 1 1 1 0 1 0.2504864954090901 0
1 1 1 1 0 1 0.5863176985886462 0
1 1 1 1 0 1 1.0000000066658754 1
1 1 1 1 0 1 0.8812930191457554 0
1 1 1 1 0 1 0.9005506349735649 0
1 1 1 0 0 0 0.30085944418624705 0
1 1 1 1 0 1 0.9999999258207469 0
1 1 1 1 0 1 0.7590122037052017 0
1 1 1 1 1 1 0.8694378167332494 0
1 1 1 1 0 1 0.20182373504013182 0
1 1 1 1 0 1 0.8168598648563246 0
1 1 1 0 0 0 0.5743382186126206 0
1 1 1 1 1 1 0.9999999218692542 0
1 1 1 1 0 1 0.09384502064974165 0
1 1 1 1 0 1 0.6121467534223995 0
1 1 1 1 0 1 0.8944052686565642 2
1 1 1 1 0 1 0.812513837407791 0
1 1 1 1 1 1 0.8767812686695523 2
1 1 1 1 0 1 1.000000060574213 0
1 1 1 1 0 1 0.8019481823169876 0
1 1 1 1 0 1 0.6889948371882779 0
1 1 1 1 1 1 0.8305794724429704 0
1 1 0 1 0 1 0.8332829231117432 0
1 1 1 1 1 1 0.7717847960274514 0
1 1 1 1 0 1 0.3907788519783558 0
1 1 1 0 0 0 0.76505120579511 2
1 1 1 1 0 1 0.8561265891981464 0
1 1 0 1 0 1 0.99999994890797 1
1 1 1 1 0 1 0.34050966110861725 2
1 1 1 0 0 0 0.29494220643190394 2
1 1 1 1 0 1 0.7512268901510627 0
1 1 1 1 0 1 0.504656735304585 2
1 1 1 0 0 0 0.8457642933204937 0
1 1 1 0 0 0 0.8859249048405059 0
1 1 1 1 0 1 0.7847130726069983 0
1 1 0 0 0 0 0.33202905990317155 1
1 1 1 1 0 1 0.7333799529745807 0
1 1 1 1 0 1 0.6211846889783691 0
1 1 1 1 0 1 0.8137589031593163 2
1 1 1 1 0 1 0.3782355494365785 0
1 1 1 1 1 1 1.0000000006376315 0
1 1 1 1 0 1 0.7170125950404858 0
1 1 1 1 0 1 0.8556573556101598 2
1 1 1 1 0 1 0.8135929066826469 0
1 1 1 1 0 1 0.7166245870151507 0
1 1 0 0 0 0 0.23461301641728813 1
1 1 1 1 0 1 0.587373231143549 0
1 1 1 1 0 1 0.27170369595517363 0
1 1 1 1 1 1 0.8208176158817657 0
1 1 1 1 1 1 0.9999999675939562 0
1 1 1 1 0 1 0.3286435733407434 0
1 1 1 0 0 0 0.9321878226192281 0
1 1 1 1 0 1 0.8587620284564315 0
1 1 1 1 0 1 0.5607591452818602 0
1 1 1 1 0 1 0.08672892975904535 0
1 1 1 1 0 1 0.9999999778547596 0
1 1 1 1 0 1 0.9999999893559653 2
1 1 1 1 0 1 0.7563970856011896 2
1 1 1 0 0 0 0.4594733926481742 2
1 1 1 1 0 1 0.24939131711679458 0
1 1 1 1 0 1 0.7853315587259718 0
1 1 1 1 1 1 0.8342351882611198 0
1 1 1 1 0 1 0.39020689922339413 1
1 1 1 1 1 1 0.8330174678058395 0
1 1 1 1 0 1 0.7856367780605148 0
1 1 1 1 0 1 1.0000000254390544 0
1 1 1 1 0 1 0.8262581521829128 1
1 1 1 1 0 1 0.8110820609218794 0
1 1 1 0 0 0 0.8710307869613995 2
1 1 1 1 0 1 0.859298299435492 0
1 1 1 0 0 0 0.5750237824701396 2
1 1 1 1 1 1 0.7420205001521599 0
1 1 1 1 0 1 0.5468846849719383 1
1 1 1 1 0 1 0.9495796784190733 0
1 1 1 1 0 1 0.6529235287654547 0
1 1 1 1 0 1 0.6237131824005963 0
1 1 1 1 0 1 0.18802036813193845 0
1 1 1 0 0 0 0.41695006660324385 2
1 1 1 1 0 1 0.7485869781739702 0
1 1 1 1 0 1 0.7695050676199079 0
1 1 1 1 0 1 0.8129131367309503 0
1 1 1 1 0 1 0.7532376076003099 0
1 1 1 1 0 1 0.641862033397715 0
1 1 1 0 1 0 0.7187247334222758 2
1 1 1 1 0 1 0.4284578684085327 0
1 1 1 1 0 1 0.2787526266372006 0
1 1 1 1 0 1 0.8811606132158118 0
1 1 1 1 0 1 0.8382669166610236 0
1 1 1 1 0 1 0.9999999102932337 0
1 1 1 1 0 1 0 0
1 1 1 1 0 1 0.3343054363137549 0
1 1 1 0 0 0 0.8948585772082711 0
1 1 1 1 0 1 0.2807913147697439 0
1 1 1 1 0 1 0.7430342513570501 0
1 1 1 1 0 1 0.516125404891781 0
1 1 1 1 0 1 0.7853302058137724 0
1 1 1 1 0 1 0.8009520597592158 2
1 1 1 0 0 0 0.6709636278492941 2
1 1 1 1 0 1 1.0000000527094084 0
1 1 1 0 0 0 0 0
1 1 1 1 0 1 0.9999999475021897 0
1 1 1 1 0 1 0.7730367301751947 0
1 1 1 1 1 1 0.8682482880817486 2
1 1 1 1 0 1 0.6805001686586419 0
1 1 1 1 0 1 0.2940563355375048 0
1 1 1 1 0 1 0.9223575376052586 0
1 1 1 1 0 1 0.6200534187085507 0
1 1 1 0 0 0 0 0
1 1 1 1 0 1 0.782429027166142 0
1 0 1 1 0 1 0 0
1 1 1 1 0 1 0.24980701867715885 0
1 1 1 1 0 1 0.9999999671297474 0
1 1 1 1 0 1 0.9999999911148267 0
1 1 1 1 0 1 0.827404860015342 0
1 1 1 0 0 0 0.7656820077063611 0
1 1 1 1 1 1 0.7986602787724243 2
1 1 1 1 0 1 0.7190596847795702 0
1 1 1 1 0 1 0.28230499269816645 0
1 1 1 1 0 1 0.33311015203943156 2
1 1 1 1 0 1 0.7858135081247629 1
1 1 1 1 0 1 0.8260639233694 0
1 1 1 1 0 1 0.7964703441050011 0
1 1 1 1 0 1 0 2
1 1 1 1 0 1 0.7839189925268788 0
1 1 1 1 0 1 0.4873948570804925 0
1 1 1 1 0 1 0.7676897612151449 2
1 1 1 0 0 0 0.7173004401794039 0
1 1 1 1 0 1 0.7961115483854893 0
1 1 1 1 0 1 0.5223440767719404 0
1 1 1 1 0 1 0.5598005468780337 0
1 1 1 1 0 1 0.7820428238054593 0
1 1 1 1 0 1 0.7965865479599222 0
1 1 1 1 0 1 0.8871783111726036 2
1 1 1 1 0 1 0.7937678953663345 0
1 1 1 1 0 1 0.6538387443006499 0
1 1 1 1 0 1 0.7281716853216309 0
1 1 1 1 0 1 0.807263641675306 0
1 1 1 1 0 1 0.5959655326810009 0
1 1 1 1 0 1 0.7269304606406796 2
1 1 1 1 0 1 0.7711034092117196 0
1 1 1 1 0 1 0.9999999672551614 0
1 1 1 1 0 1 1.0000000096318407 0
1 1 0 1 0 1 0.7214113508480969 1
1 1 1 1 0 1 0.7617145845981199 0
1 1 0 1 0 1 0.5325054638918714 1
1 1 1 1 0 1 0.7067914537796809 1
1 1 0 1 0 1 0.818721560811852 1
1 1 1 1 0 1 0.7234201877374347 0
1 1 1 1 0 1 0.833672341715421 0
1 1 1 1 0 1 0.7570187314646039 0
1 1 1 1 0 1 0.7614032181816703 0
1 1 1 1 0 1 0.9999999624519053 0
1 1 1 1 0 1 0.1267640363665015 0
1 1 1 1 0 1 0.7444255021605325 0
1 1 1 1 0 1 0.7888325921337704 2
1 1 1 1 0 1 0.4285649339895751 0
1 1 1 1 0 1 0.8790080718687827 0
1 1 1 1 0 1 0.7904509796260257 2
1 1 1 0 0 0 0.8704661651547938 2
1 1 1 1 0 1 0.32772345780416723 1
1 1 1 1 0 1 0.43122130133784486 0
1 1 1 1 0 1 0.8088536326683613 0
1 1 1 1 0 1 1.0000000021780984 0
1 1 1 1 0 1 0.8135476404343768 0
1 1 1 1 0 1 0.85797437617925 0
1 1 1 1 0 1 0.7154448521366555 0
1 1 1 0 0 0 0.8310027396351679 2
1 1 1 1 1 1 1.000000000806862 2
1 1 1 1 0 1 0.5361036909700122 0
1 1 1 1 0 1 0.8384271433304155 0
1 1 1 0 0 0 0.7454383248255151 0
1 1 1 1 0 1 0.6145647000499086 1
1 1 1 1 1 1 0.9999999868742951 0
1 1 1 1 0 1 0.7206057269560304 1
1 1 1 1 0 1 0.8516542834245776 0
1 1 1 1 0 1 0.7837354495286616 0
1 1 1 0 0 0 0.4753356042971119 1
1 1 1 1 0 1 0.8122105263990392 0
1 1 1 1 0 1 0.9418354518671056 0
1 1 1 1 0 1 0.4678990407699966 0
1 1 1 1 1 1 0.9999999776067969 0
1 1 1 1 0 1 0.9127249150020279 0
1 1 1 0 0 0 0.7582254785438007 1
1 1 1 1 0 1 0.8432251291822048 0
1 1 1 1 0 1 0.6987914530441095 0
1 1 1 1 0 1 0.99999990514118 0
1 1 1 1 0 1 0.8489128491633481 0
1 1 0 1 0 1 0.4085357262351383 1
1 1 1 1 0 1 0.7977667762083408 0
1 1 1 1 1 1 1.0000000177394708 0
1 1 1 1 0 1 0.8445808903848017 0
1 1 1 0 0 0 0.7070857342005408 1
1 1 1 1 0 1 0.3026299221310274 0
1 1 1 1 0 1 0.531540379553653 0
1 1 1 1 0 1 0.8390704368334462 0
1 1 1 1 0 1 0 0
1 1 1 1 0 1 0.8573542370270045 0
1 1 1 1 0 1 0.4331385435755623 0
1 1 1 0 0 0 0.5111899162923331 2
1 1 1 1 0 1 0.7887224903352168 0
1 1 1 1 0 1 1.0000000133530333 2
1 1 1 1 0 1 0.8085203440011063 2
1 1 1 0 0 0 0.8909230241783854 1
1 1 1 1 0 1 0.8633882581336686 0
1 1 1 1 1 1 0.8379382324568726 0
1 1 1 0 0 0 0.8514086337389876 0
1 1 1 1 0 1 0.3078077321637375 0
1 1 1 1 0 1 0.6671086674808918 0
1 1 1 1 0 1 0.31432843008349326 0
1 1 1 1 0 1 0.8154686845229245 0
1 1 1 1 0 1 0.28610521593272253 0
1 1 1 1 0 1 0.4011127575453913 0
1 1 1 1 0 1 0.3853490469799092 0
1 1 1 1 0 1 0.16474809339611343 0
1 1 1 1 1 1 0.8673889985757397 0
1 1 1 0 0 0 0.8384431992106588 2
1 1 1 1 0 1 0 0
1 1 1 1 0 1 0.8105840217917893 0
1 1 1 1 0 1 0.9999999672551614 0
1 1 1 1 0 1 0.8142518616904528 0
1 1 1 1 0 1 0.17131134911977372 0
1 1 1 1 0 1 0.8024214846426314 2
1 1 1 1 0 1 1.0000000527560908 0
1 1 0 0 0 0 0.8032601340342416 2
1 1 1 1 1 1 0 2
1 1 1 1 0 1 0.9999999814954345 0
1 1 1 1 0 1 0.6309667355201231 0
1 1 1 0 0 0 0.5310159337116839 2
1 1 1 1 0 1 0.8419985458701968 0
1 1 1 1 0 1 0.6541296951289836 0
1 1 1 1 0 1 0.6910517239458926 0
1 1 1 1 0 1 0.6684279922994453 0
1 1 1 1 1 1 0 0
1 1 1 1 0 1 1.0000000072176394 0
1 1 1 1 0 1 0.4657211344028974 0
1 1 1 1 0 1 0.9999999547911863 0
1 1 1 1 1 1 0.8630334907285863 0
1 1 1 1 0 1 0.6853884099260004 0
1 1 1 1 0 1 0.7102290279090545 0
1 1 1 1 1 1 1.0000000713108534 2
1 1 1 1 0 1 0.7555313702420685 0
1 1 1 1 0 1 1.0000000220425949 0
1 1 1 1 0 1 0.9087536793265452 0
1 1 1 0 0 0 0.35879690243762913 2
1 1 1 1 0 1 0.7438112375411996 0
1 1 0 1 0 1 0.83015326299904 2
1 1 1 1 0 1 0.7460742991587219 2
1 1 1 1 0 1 0.8549291619757812 0
1 1 1 1 0 1 0.44941474295379885 0
1 1 0 0 0 0 0.8258027953976886 2
1 1 1 1 1 1 0 2
1 1 1 1 0 1 0.8414569705390069 2
1 1 1 1 0 1 0.815562367205237 0
1 1 1 1 0 1 1.000000077032016 0
1 1 1 1 0 1 0.7853165224221329 0
1 1 1 1 0 1 0.8436646358438498 0
1 1 1 1 1 1 0.8284186057300814 0
1 1 1 1 0 1 0.4180479157020698 0
1 1 1 0 0 0 0.8109480001295968 1
1 1 1 1 0 1 0.8039471784277568 0
1 1 1 1 0 1 0.7676897591269056 1
1 1 1 1 0 1 0.47499159171168914 0
1 1 1 1 1 1 0.8211695950976862 1
1 1 1 0 0 0 0.898534754789218 1
1 1 1 1 0 1 0.8452823646062958 2
1 1 1 1 0 1 0 0
1 1 1 1 0 1 0.6524687126676894 0
1 1 1 0 0 0 0.24224977392078262 2
1 1 1 1 0 1 0.8686742856138576 0
1 1 1 1 0 1 0.7467440425549318 1
1 1 1 1 1 1 0.7981241787364709 2
1 1 1 1 0 1 0.9363156178096125 0
1 1 1 1 0 1 0.7927741743896991 0
1 1 1 1 0 1 0.135950913008043 0
1 1 1 1 1 1 1.0000000333362093 1
1 1 1 0 0 0 0.7773461558450822 2
1 1 1 1 0 1 0.31732300372493855 0
1 1 1 1 0 1 0.378948373607009 0
1 1 1 1 1 1 0.8009520597592158 2
1 1 0 1 0 1 0.9999999426899933 2
1 1 1 1 0 1 0.6988778981919566 0
1 1 1 1 0 1 0.8104714756149562 0
1 1 1 1 0 1 0.8380759087934471 0
1 1 1 1 0 1 0.866358323927711 0
1 1 1 0 0 0 0.9999999518524907 2
1 1 1 1 0 1 0.44556509911107856 0
1 1 1 1 0 1 0.692743016704681 1
1 1 1 0 0 0 1.0000000305138086 0
1 1 1 1 0 1 0.47914065689484875 0
1 1 1 0 0 0 0.8714043890415918 1
1 1 1 1 0 1 0.8661450508409916 0
1 1 1 1 0 1 0.8554732657281049 0
1 1 1 1 1 1 0.7963756194232643 0
1 1 1 1 0 1 0.7419609270644623 0
1 1 1 1 0 1 0.823651833251204 1
1 1 1 1 0 1 0.6550512202947677 2
1 1 1 1 0 1 0.12900756745251535 0
1 1 1 1 0 1 0.8284986272575415 0
1 1 1 1 0 1 0.7919242271964325 0
1 1 1 1 1 1 0.801332289232785 2
1 1 1 1 0 1 0.8311460370118099 0
1 1 1 1 0 1 0.7931254627226465 0
1 1 1 1 0 1 0.6672829719421484 0
1 1 1 1 0 1 0 0
1 1 1 0 0 0 0.8305347719597992 1
1 1 1 1 0 1 0.4282216498163925 0
1 1 1 0 0 0 0.364719374217499 0
1 1 1 0 0 0 0.7725385712083385 0
1 1 1 1 0 1 0.8451902866940528 1
1 1 1 1 0 1 1.0000000309565438 0
1 1 1 1 0 1 0.7827543170060542 0
1 1 1 1 0 1 0.6298261509850144 0
1 1 1 1 0 1 0.8281232645242812 0
1 1 1 0 0 0 0.8436973366847945 0
1 0 1 1 0 1 0.6385471453598006 0
1 1 1 0 0 0 0.6833971856871001 1
1 1 1 1 0 1 0.5327506181388855 0
1 1 1 0 0 0 0.5507983834866458 1
1 1 1 1 0 1 0.8490536929515753 0
1 1 1 0 0 0 0.7253897817671588 0
1 1 1 1 0 1 0.44490066006154705 0
1 1 1 1 0 1 0.7431187952980121 0
1 1 1 1 0 1 0.8397669217434653 0
1 1 1 1 0 1 0.16150842398367948 0
1 1 1 0 0 0 0.5365807774572684 0
1 1 1 1 0 1 0.9999999548283691 2
1 1 1 1 1 1 0.8399317866560015 2
1 1 1 1 0 1 0 0
1 1 1 1 0 1 0.8035107366308907 0
1 1 1 1 0 1 0.8949936722031885 0
1 1 1 1 0 1 0.6920157853477058 0
1 1 1 1 0 1 0.8023697167266848 0
1 1 1 1 0 1 0.45460559320556565 0
1 1 1 0 0 0 0.25079236852995884 0
1 1 1 1 0 1 0.8663552444075764 0
1 1 1 1 0 1 0.8315166093081078 0
1 1 1 1 0 1 1.0000000260340156 0
1 1 1 1 0 1 0.7977277044632058 0
1 1 1 0 0 0 0 1
1 1 1 1 0 1 0.3560939846926093 2
1 1 1 1 0 1 0.894141404112888 1
1 1 1 1 0 1 0.8517642695895314 1
1 1 1 1 0 1 0.7067624872223093 0
1 1 0 1 1 1 0.9999999611344564 0
1 1 1 1 0 1 0.7321561088938588 2
1 1 1 1 0 1 0.43180605396191796 0
1 1 1 1 0 1 1.0000000197919512 0
1 1 1 0 0 0 0.22180164219615375 0
1 1 1 1 0 1 0.14115337173722428 2
1 1 1 0 0 0 0.791218120592092 0
1 1 1 1 0 1 0.7742673568914664 2
1 1 1 0 0 0 0.8523170780486027 0
1 1 1 1 1 1 0.8989001887836919 0
1 1 1 0 0 0 0.9999999590939954 2
1 1 1 1 0 1 0.20349081643652128 0
1 1 1 1 0 1 0 0
1 1 1 1 0 1 0.49127185161516207 1
1 1 1 1 0 1 0.5507583175239644 0
1 1 1 1 0 1 0.807945932368587 0
1 1 1 1 0 1 0.9999999726310533 2
1 1 1 1 0 1 0.3468015879803269 1
1 1 1 1 0 1 0.7989722776963041 0
1 1 1 1 0 1 0.31552166638448387 0
1 1 1 0 0 0 0.3094146562440615 2
1 1 1 1 0 1 0.8349239016514983 0
1 1 1 1 0 1 0.7808401115783703 0
1 1 1 0 0 0 0.666433014433784 1
1 1 1 1 1 1 0.9999999367377004 0
1 1 1 1 1 1 0.8482535067956012 0
1 1 1 1 0 1 0.5019878171715804 0
1 1 1 0 0 0 0.21957396573024607 0
1 1 1 1 0 1 0.19544148891260588 0
1 1 1 1 0 1 0 0
1 1 1 1 0 1 0.3607556084417111 0
1 1 1 1 0 1 0.821093168980605 0
1 1 1 1 0 1 0.7923036804232618 0
1 1 1 0 0 0 0.8545627114993583 0
1 1 1 1 0 1 0.8203634113024492 0
1 1 1 0 0 0 0.7365460011078785 0
1 1 1 1 0 1 0.8934348562243227 0
1 1 1 0 0 0 0.47656651762732055 0
1 0 1 1 0 1 0.6385471453598006 2
1 1 1 1 0 1 0.7667197971261281 0
1 1 1 1 0 1 0.045963426817942486 1
1 1 1 0 0 0 0.907418432214615 2
1 1 1 0 0 0 0.8346528857830546 2
1 1 1 1 0 1 0.7442564861929659 1
1 1 1 1 0 1 0.8684879969688692 0
1 1 1 1 0 1 0.8273527220391239 0
1 1 1 1 0 1 0.9999999998868454 0
1 1 1 1 0 1 0.2335422711126387 0
1 1 1 1 0 1 0.8301161217387755 1
1 1 1 0 0 0 0.860306512007072 2
1 1 1 1 0 1 0.5769662729863692 0
1 1 1 1 0 1 0.6025074072867375 0
1 1 1 1 0 1 0.8963607382312938 0
1 1 1 1 0 1 0.7356572989223082 0
1 1 1 1 0 1 0.4430558345980109 0
1 1 1 0 0 0 0.2752454383694431 1
1 1 1 1 0 1 0.2740017346354224 0
1 1 1 1 0 1 0.8273639478858059 0
1 1 1 1 0 1 0.41618079244207834 2
1 1 1 1 0 1 0.8515853452837205 0
1 1 1 1 0 1 0.7209916287302576 0
1 1 1 1 0 1 0.9087848466695155 0
1 1 1 1 0 1 0.8141094358838395 1
1 1 1 1 0 1 0.450114426923273 0
1 1 1 1 0 1 0.41084733502893783 1
1 1 1 1 0 1 0.9999999475021897 0
1 1 1 0 0 0 0.4941122453228264 1
1 1 1 1 0 1 0.397913614081911 0
1 0 1 1 0 1 0.603366336919789 0
1 1 1 1 0 1 0.8310205554625023 2
1 1 1 0 0 0 0.5703831322425161 2
1 1 1 0 0 0 0.6029693171745019 2
1 1 1 1 0 1 0.8334553453997431 0
1 1 1 1 0 1 1.0000000566379874 0
1 1 1 1 0 1 0.8162114680779688 0
1 1 1 0 0 0 0.6091797203600309 2
1 1 1 1 0 1 0 0
1 1 1 1 0 1 0.7740761859683988 0
1 1 1 0 0 0 0.4662361480829573 2
1 1 1 1 0 1 0.727940670211359 0
1 1 1 1 0 1 0.7470652258607924 0
1 1 1 0 1 0 0 2
1 1 1 0 0 0 0.6896585752820358 2
1 0 1 1 0 1 0.5085863758636088 2
1 1 1 1 0 1 0.3797819624558248 0
1 1 1 1 0 1 0.8891012876655013 0
1 1 1 1 0 1 0.8137989486313469 0
1 1 1 1 1 1 0.8303183731536635 0
1 1 1 1 0 1 0.4687836701773577 0
1 1 1 0 0 0 0.2662966734930052 2
1 1 1 1 1 1 0 0
1 1 1 1 0 1 0.7657825896116179 0
1 1 1 1 0 1 0.8191681331426556 0
1 1 1 1 0 1 0.8292230712427396 0
1 1 1 0 0 0 0.783153290462031 2
1 1 1 1 0 1 0.6874264486658381 0
1 1 1 1 0 1 0.9161854087902606 2
1 1 1 1 0 1 0.8285901349452495 1
1 1 0 1 0 1 0.8648821012689649 2
1 1 1 1 0 1 0.467263427558892 0
1 1 1 0 0 0 0.8106780660128776 1
1 1 1 1 0 1 0.8172322494772387 0
1 1 1 1 0 1 0.7276478593734533 0
1 1 1 1 0 1 0.7659540835978372 1
1 1 1 1 0 1 0.9999999426017335 0
1 1 1 1 0 1 0.8145289738572523 1
1 1 1 1 0 1 0.31915790164703484 2
1 1 1 1 0 1 0 2
1 1 1 1 0 1 0.8754344588508349 0
1 1 1 1 0 1 0.7829343798136058 0
1 1 1 1 0 1 0.42005632716847396 0
1 1 1 1 0 1 0.6766181606439418 0
1 1 1 1 0 1 0.3219015965603733 0
1 0 1 1 0 1 0.5085863758636088 2
1 1 1 1 0 1 0.22684457655023557 0
1 1 1 1 0 1 0.7711748882648457 2
1 0 1 1 0 1 0.5565918997902354 0
1 1 1 1 0 1 0 2
1 1 1 1 0 1 0.9999999094814966 0
1 1 1 1 0 1 0.54958366232694 0
1 1 1 1 0 1 0.45748045236272133 0
1 1 1 1 0 1 0.6788389787065421 0
1 1 1 0 0 0 0.8102147845143817 1
1 1 1 1 0 1 0.2904407927215359 0
1 1 1 1 0 1 0.9237216770879835 2
1 1 1 1 0 1 0.9999999530864147 0
1 1 1 1 1 1 0.8665485475307663 1
1 1 0 1 0 1 0.8729074642173879 0
1 1 1 1 0 1 0.9999999212589767 0
1 1 1 1 0 1 0 0
1 1 1 1 0 1 0.12599284647890308 0
1 1 1 1 0 1 0.7746305252605048 0
1 1 1 1 0 1 0.6563066513026522 0
1 1 1 1 0 1 0.7531317190674658 1
1 1 1 1 0 1 0.7382803756700504 1
1 1 1 1 0 1 0.4725327398472654 0
1 1 1 1 0 1 0.7070258808288169 0
1 1 1 1 0 1 0 1
1 1 1 1 0 1 0.7409934046174347 0
1 1 1 0 0 0 0.5731867991861491 2
1 1 1 1 0 1 0.8372172389627623 0
1 1 1 1 0 1 0 1
1 1 1 1 0 1 0 0
1 1 1 1 1 1 0.9999999949361608 2
1 1 1 1 0 1 0.7993369202671928 0
1 1 1 1 0 1 0.9999999707149287 0
1 1 1 0 0 0 0.5933765469377177 1
1 1 1 1 0 1 0.4109634707754347 1
1 1 1 1 0 1 0.8223935405413638 0
1 1 1 1 0 1 0.8275799087924214 0
1 1 1 1 0 1 0 0
1 1 1 1 0 1 1.0000000393755197 0
1 1 1 0 0 0 0.6142894300843584 1
1 1 1 1 0 1 0.8868954405246887 0
1 1 1 1 0 1 0 0
1 1 1 0 0 0 0.834022142778833 1
1 1 1 1 0 1 0.8603949272867029 0
1 1 1 1 0 1 0.9999999678747438 0
1 1 1 0 0 0 0.9143262126703069 0
1 1 1 0 0 0 0.766007821312617 0
1 1 1 1 0 1 0.7623235682852749 0
1 1 1 1 0 1 0.7740902138375422 0
1 1 1 0 0 0 0.5435819352858245 0
1 1 1 1 0 1 0.49825431073603 0
1 1 1 1 0 1 0 0
1 1 1 0 0 0 0.7615808965092459 0
1 1 1 0 0 0 0.8431939416003376 0
1 1 1 1 0 1 0.28319630646410965 0
1 1 1 1 0 1 0.4077691112649381 0
1 1 1 1 0 1 0.3302690829386654 0
1 1 1 0 0 0 0.8399650350042094 2
1 1 1 1 0 1 0.8414785802222865 0
1 1 1 1 0 1 0.6808542766281344 0
1 1 1 1 0 1 0.6970777928645643 0
1 1 1 1 0 1 0.7527304955897413 0
1 1 1 1 0 1 0.9999999991136915 1
1 1 1 1 0 1 0.3553726827032417 0
1 1 1 1 0 1 0.6938842860967794 0
1 1 1 1 0 1 0.7982777866731474 0
1 1 1 1 0 1 0.8708655788960189 0
1 1 1 1 0 1 1.000000066663013 0
1 1 1 0 0 0 0.33299145805756175 0
1 1 1 1 0 1 0.3370770141076897 0
1 1 1 1 0 1 0.22203307942790937 0
1 1 1 1 0 1 0.6922359765397039 0
1 1 1 1 0 1 0.8367445097746393 0
1 1 1 1 0 1 0.6158880971567229 2
1 1 1 1 0 1 0.34372630283142785 0
1 1 1 0 0 0 0.7669531773845604 2
1 1 1 1 0 1 1.0000000338465003 1
1 1 1 1 0 1 0.8358895279928976 1
1 1 1 1 0 1 0.8249940422980168 0
1 1 1 0 0 0 0.7955909284777598 2
1 1 1 0 0 0 0.45123770159817306 2
1 1 1 0 0 0 0.6508938140025401 0
1 1 1 1 0 1 0.8272039517915398 1
1 1 1 1 0 1 0.5875666319478752 2
1 1 1 1 0 1 0.7789560205816317 1
1 1 1 1 0 1 0.8552911726627842 0
1 1 1 1 0 1 0.8631229679920197 0
1 1 1 0 0 0 0.7755696119787955 2
1 1 1 0 0 0 0.8247120166608295 2
1 1 1 1 0 1 0.4598675802839228 2
1 1 1 1 0 1 0.7921173058120116 0
1 1 1 1 0 1 0.7509560329940841 0
1 1 1 1 0 1 0.7892258936462757 0
1 1 1 0 0 0 0.41228967391137833 0
1 1 1 1 0 1 0.5793885022372275 0
1 1 1 1 0 1 0.8022748577285075 0
1 1 1 1 1 1 0.8806117006309548 0
1 1 1 1 1 1 0.7800001133822531 0
1 1 1 1 0 1 0.5522805129714494 0
1 1 1 1 0 1 0.34870088028875895 2
1 1 1 1 0 1 0.8105037310999461 0
1 1 1 1 0 1 0.8421437074353436 0
1 1 1 0 0 0 0.7830217442016496 1
1 1 1 1 1 1 0.7104254265320235 0
1 1 1 1 0 1 0.7793253268381443 0
1 1 1 1 0 1 0 0
1 1 1 1 0 1 0.4741042575745048 1
1 1 1 1 1 1 0.8514860673269087 1
1 1 1 1 1 1 0.8747609021077862 0
1 1 1 0 0 0 0.9999999926966204 2
1 1 1 1 0 1 0.821409915282819 0
1 1 1 0 0 0 0.43164919221951226 0
1 1 1 0 0 0 0.8499242442184913 2
1 1 1 1 0 1 0.8192956455391363 2
1 1 1 1 0 1 0.8429668829451643 0
1 1 1 1 0 1 0.7953387146322847 1
1 1 1 0 0 0 0.8362598137180344 0
1 1 1 1 0 1 0.39813202992651486 0
1 1 1 1 0 1 0.3600957927433017 0
1 1 1 1 0 1 0.24464268804585998 0
1 1 1 1 0 1 0.811187500797085 0
1 1 1 1 1 1 0.7752121118823211 0
1 1 1 1 0 1 0.5432160884613623 0
1 1 1 1 0 1 0.7343302851880406 0
1 1 1 1 0 1 0 0
1 1 1 1 0 1 0.8736246735147593 0
1 1 1 1 1 1 0.7651710740044042 2
1 1 1 1 0 1 0.6557655368841574 0
1 1 1 0 0 0 0.9080123101139411 1
1 1 1 1 0 1 0.9999999829291142 2
1 1 1 1 1 1 0.8596214815359836 1
1 1 1 1 0 1 0.5956608226528118 0
1 1 1 1 0 1 0.5566316443699141 0
1 1 1 0 0 0 0.7608095741825501 0
1 1 1 1 0 1 1.0000000438208545 2
1 1 1 1 0 1 0.3151273956230121 0
1 1 1 1 0 1 0.8480785952335207 1
1 1 1 0 0 0 0.8289540501474016 0
1 1 1 1 0 1 0.7356850025377167 0
1 1 1 1 0 1 0.7129471922458175 0
1 1 1 1 0 1 0.3296575320332854 0
1 1 1 1 0 1 0.711770392454862 0
1 1 1 1 0 1 0.42125027344306254 0
1 1 1 1 0 1 0.6827941144759808 0
1 1 1 1 0 1 0.20468230765353362 0
1 1 1 1 0 1 0.7363813608268421 0
1 1 1 1 0 1 0.7058642219351366 0
1 1 1 1 1 1 0.8133846753430852 0
1 1 1 1 0 1 0.6623202242734704 2
1 1 1 1 0 1 0.6822132064924169 0
1 1 1 1 0 1 0.7517702524653551 0
1 1 1 0 0 0 0.25239432364346387 2
1 1 1 1 0 1 0.5195676040199605 0
1 1 1 0 0 0 0.5327162451370256 2
1 1 1 1 0 1 0.7787196214319895 0
1 1 1 1 0 1 0.7581278891420414 0
1 1 1 0 0 0 0.8418134171529666 2
1 1 1 0 0 0 1.000000020824364 0
1 1 1 1 0 1 0.8536200671450656 2
1 1 1 0 0 0 0.048408069467863975 0
1 1 1 0 1 0 0.9999999220386998 1
1 1 1 1 0 1 0.38888569571761694 0
1 0 1 0 0 0 0.6377538625523269 1
1 1 1 1 0 1 0.7829987402774045 0
1 1 1 1 0 1 0.45547037787980743 0
1 1 1 1 0 1 0.82857543651581 0
1 1 1 1 0 1 0.2993530716178845 0
1 1 1 1 0 1 0.5673357785174048 0
1 1 1 1 0 1 0.17781485851598106 0
1 1 1 1 0 1 0.41489497932897923 2
1 1 1 1 0 1 0.7635365610369648 2
1 1 1 1 0 1 0.6808938086719275 0
1 1 1 1 0 1 0.517810812212751 0
1 1 0 0 0 0 0.7048623861046417 1
1 1 1 0 0 0 0.8453454260812165 0
1 1 1 0 0 0 0.8793689518932257 1
1 1 1 1 0 1 0.9999999832631468 0
1 1 1 0 0 0 0.8030302901893546 0
1 1 1 1 0 1 0.3909282199906548 0
1 1 1 1 0 1 0.3772398617485837 1
1 1 1 1 0 1 0.8257474067888544 0
1 1 1 1 0 1 0.43801990792605744 0
1 1 1 1 0 1 0.3119583258870788 0
1 1 1 1 0 1 0.8472457213944452 1
1 1 1 1 0 1 0.25050197005914093 0
1 1 1 1 0 1 0.6057961502339947 0
1 1 1 1 0 1 0.8363213848313242 0
1 1 1 1 0 1 0.7170146138712836 0
1 1 1 1 0 1 0.4163578437808122 0
1 1 1 1 0 1 0.9999999816703606 0
1 1 1 1 0 1 0.9999999289832687 0
1 1 1 1 0 1 0.8473045341173947 0
1 1 1 1 0 1 0.8619558246693829 0
1 1 1 0 0 0 0.24190992176288342 2
1 1 1 1 0 1 0.7495085242750705 0
1 1 1 1 0 1 0.2619770989811825 0
1 1 0 1 0 1 0.8053072943276408 1
1 1 1 0 0 0 0.8125621681300642 2
1 1 1 0 0 0 0.44115296136877746 1
1 1 1 1 0 1 0.4689543573053289 2
1 1 1 1 0 1 0.8149617095728062 0
1 1 1 1 0 1 0.42219755181117546 0
1 1 1 0 0 0 0.865451244517769 2
1 1 1 1 0 1 0.7796007961392999 0
1 1 1 1 0 1 0.4804186194040082 0
1 1 1 1 0 1 0.8718280955835809 0
1 1 1 1 0 1 0.7898923199049286 2
1 1 1 1 0 1 0.37084203413219563 0
1 1 1 1 0 1 0.1620280764591054 0
1 1 1 1 0 1 0.8318610172207226 0
1 1 1 0 0 0 0.999999984146254 2
1 1 1 0 1 0 1.0000000077576783 1
1 1 1 0 0 0 0.9036173911523973 2
1 1 1 1 0 1 0.7446985067418267 1
1 1 1 1 1 1 0.8170044607379507 0
1 1 1 1 0 1 0.8184684045574985 0
1 1 1 1 0 1 0.8525544838616844 0
1 1 1 1 0 1 0.9999999247435128 0
1 1 1 1 0 1 0.7702103455904917 0
1 1 1 0 0 0 0.7353659097394374 0
1 1 1 1 0 1 0.3390635727569507 1
1 1 1 1 0 1 0.6111693671189865 0
1 1 1 1 0 1 0.5127005893766016 2
1 1 1 1 0 1 0.7309789824623877 0
1 1 1 1 0 1 0.7358044419173326 0
1 1 1 1 0 1 0.8287317639251415 2
1 1 1 1 0 1 0.47621041285848004 0
1 1 1 1 0 1 0.8620140633553479 0
1 1 1 1 0 1 0.8390162843257245 0
1 1 1 1 0 1 0.5199579466237082 0
1 1 1 1 0 1 0.9999999991255062 1
1 1 0 1 0 1 0.7751821600119156 1
1 1 0 1 0 1 0.9999999866262504 2
1 1 1 1 0 1 0.6773646146082916 0
1 1 1 1 0 1 0.7932339592126652 0
1 1 1 1 0 1 0.8315798643104765 0
1 1 1 1 0 1 0.865128946375911 0
1 1 1 1 0 1 0.6785454900205108 0
1 1 1 0 0 0 0.6872601584408778 0
1 1 1 1 0 1 0.42234248933248125 0
1 1 1 1 0 1 0.3876110623751155 0
1 1 1 0 0 0 0.8311426799352054 2
1 1 1 1 0 1 0.8877830206946816 0
1 1 1 1 0 1 0.3691024453023394 0
1 1 1 1 0 1 0.6742306433299353 0
1 1 1 1 0 1 0.6523307061727054 0
1 1 1 1 0 1 0.5224155843414265 0
1 1 1 0 0 0 0.7829783222492025 2
1 1 1 1 0 1 0.3381884509294743 0
1 1 1 1 0 1 0.416325430927894 0
1 1 1 1 0 1 0.3269135331956144 0
1 1 1 1 0 1 0.9999999493475829 2
1 1 1 1 0 1 0.8999648966397374 0
1 1 0 1 0 1 0.7424919638808476 0
1 1 1 0 0 0 1.0000000254390544 0
1 1 1 1 0 1 1.0000000104328104 0
1 1 1 1 1 1 0.7079325096976415 2
1 1 1 1 0 1 0.22031511395566142 0
1 1 1 1 1 1 0.8345407481650207 0
1 1 1 1 0 1 0.6933959185231858 0
1 1 1 1 0 1 0.8129113252632133 2
1 1 1 1 0 1 0.7600488519646994 1
1 1 1 1 0 1 0.7979948546424395 0
1 1 1 1 0 1 0.8672549084274191 0
1 1 0 1 0 1 0.8180860544894472 1
1 1 1 0 0 0 0.8531208988588579 2
1 1 1 1 0 1 0.23996430434656635 2
1 1 1 1 0 1 0 2
1 1 1 1 0 1 0.3290959129568872 0
1 1 1 1 0 1 0.6695378833237992 0
1 1 1 1 0 1 0.42249401065260084 0
1 1 1 0 0 0 0.7538141266872104 1
1 1 1 0 0 0 0.8154329231461609 0
1 1 1 1 0 1 0.8421694320785598 0
1 1 1 1 0 1 0.7939019297540668 0
1 1 1 1 0 1 0 0
1 1 1 1 0 1 0.7366053808266314 0
1 1 1 1 0 1 1.0000000527174364 0
1 1 1 1 1 1 0.8244552340495936 0
1 1 1 1 0 1 0.7431857158135357 0
1 1 1 0 0 0 0.32793499219830446 2
1 1 1 1 0 1 0.7312197214486804 0
1 1 1 1 0 1 0.2472583496469603 0
1 1 1 1 0 1 0.6727841003606437 0
1 1 1 1 0 1 0.35826158077930403 0
1 1 1 1 0 1 1.0000000101421194 1
1 1 1 1 1 1 0.9999999941181557 0
1 1 1 1 0 1 0.30933324839292925 0
1 1 1 1 0 1 0.7410913207375693 0
1 1 1 1 0 1 0.8369318305595883 0
1 1 1 1 0 1 0.18184992345091466 0
1 1 1 1 0 1 0.7415784667043644 0
1 1 1 1 0 1 0.8661570973514483 0
1 1 1 1 0 1 0.6499894352581445 0
1 1 1 1 0 1 0.8075014258178258 0
1 1 1 1 0 1 0.7760010949582304 0
1 0 1 1 0 1 0.5749937189419034 0
1 1 1 1 1 1 0.9999999603127934 0
1 1 1 1 0 1 0.47110538240033756 0
1 1 1 1 0 1 0.9999999884664273 0
1 1 1 1 0 1 0.6895266502807692 0
1 1 1 1 0 1 0.8497675121810936 0
1 1 1 0 0 0 0.8323098620596512 1
1 1 1 1 0 1 0 0
1 1 1 1 0 1 0.33006557818195237 0
1 1 1 0 0 0 0.5454376166025701 2
1 1 1 1 0 1 0.3097244318687917 0
1 1 1 1 0 1 0.7368728658402193 0
1 1 1 1 0 1 0.8539145872049915 2
1 1 1 1 0 1 0.8248792501424012 0
1 1 1 1 1 1 0.9999999757490506 0
1 1 1 0 0 0 0.7123563923932013 0
1 1 1 1 0 1 0.8960114658316669 0
1 1 1 1 0 1 0.814607220024385 0
1 1 1 1 0 1 0.3997652899971689 2
1 1 1 1 0 1 0.6966562153322748 0
1 1 1 1 0 1 0.6675676995827106 0
1 1 1 1 0 1 0.8625280535741616 0
1 1 1 0 0 0 0.7876156401736922 0
1 1 1 1 1 1 0.8319134914862382 0
1 1 1 1 0 1 0.46963637902332045 0
1 1 1 1 0 1 0.849742755366458 0
1 1 1 1 0 1 0.8395563892070634 0
1 1 1 1 0 1 0.7295089695502619 0
1 1 1 1 0 1 1.000000000409891 0
1 1 1 1 0 1 0.44264900840475224 0
1 1 0 1 0 1 0 2
1 1 1 1 1 1 0.8721411371583058 1
1 1 1 0 1 0 0.8271362887593022 2
1 1 1 1 1 1 1.000000025567331 2
1 1 1 1 0 1 0.7132016577293455 0
1 1 1 0 0 0 0.4642701369990643 0
1 1 1 1 0 1 0.8762706801847514 0
1 1 1 1 0 1 0 0
1 1 0 1 0 1 0.3815300973316613 0
1 1 1 1 0 1 0.7028308605004178 0
1 1 1 1 1 1 0.9010734288100617 0
1 1 1 1 0 1 0.4770790625314527 0
1 1 1 1 0 1 0.7111679823044517 2
1 1 1 1 0 1 0.7329686458590182 0
1 1 1 1 1 1 0.9999999646538466 0
1 1 1 0 0 0 0.7970725191715787 2
1 1 1 0 0 0 0.6637895698718017 1
1 1 1 1 0 1 0.8856903728476527 0
1 1 1 0 1 0 0.9999999808159258 1
1 1 1 0 0 0 0.6836251715016012 1
1 1 1 1 0 1 0.42129131330167485 0
1 1 0 1 0 1 0.7553615459427437 1
1 1 1 1 0 1 0.9999999638660525 2
1 1 1 1 0 1 1.0000000097213884 0
1 1 1 1 1 1 0.8472108501282322 0
1 1 1 0 0 0 0.8192838775110903 0
1 1 1 1 0 1 0.8486224604364131 0
1 1 1 1 0 1 0.6305833450040588 2
1 1 1 0 1 0 0.8468154593824816 0
1 1 1 1 0 1 0.6103702527409348 2
1 1 1 1 0 1 0.8022910520679946 0
1 1 1 1 0 1 0.7858746938731176 0
1 1 1 1 0 1 0.4734433621673462 0
1 1 1 1 0 1 0.21137368399212428 0
1 1 0 1 0 1 0.6254174974549902 2
1 1 1 1 0 1 0.7412529896214476 0
1 1 1 1 0 1 0.215706833451743 0
1 0 1 0 0 0 0.3424374660933774 2
1 1 1 1 0 1 0 0
1 1 1 1 0 1 0.28070009580721494 0
1 1 1 1 0 1 0.642743219753473 0
1 1 1 1 0 1 0.42548705117226787 0
1 1 1 1 0 1 0.7986595118338671 0
1 1 1 1 0 1 0.8757927772067043 0
1 1 1 0 0 0 0.34948790661279444 0
1 1 1 1 1 1 0.8061511402057047 0
1 1 1 0 0 0 0.8389162325707883 0
1 1 1 1 0 1 0.8592375015378746 0
1 1 1 0 0 0 0 2
1 1 1 1 0 1 0.6342114557051309 0
1 1 1 1 0 1 0.303089278766123 0
1 1 1 1 0 1 0.9999999434428768 0
1 1 1 0 0 0 0.8825342779266525 2
1 1 1 1 0 1 0.8753981585899197 0
1 1 1 1 0 1 0.8168480757561659 0
1 1 1 1 0 1 0.10748975304791412 0
1 1 1 1 0 1 0.8472457213944452 1
1 1 1 0 1 0 1.000000056109794 0
1 1 1 1 0 1 0.7333422493387391 2
1 1 1 1 0 1 0.8493500324458136 0
1 1 1 1 0 1 0.1779168182533659 0
1 1 1 1 0 1 0.6317736018210715 0
1 1 1 1 0 1 0.822026196691624 0
1 1 1 1 0 1 0.7834872448138925 0
1 1 1 0 0 0 0.40479453973356994 0
1 1 1 0 0 0 1.0000000254390544 1
1 1 1 1 0 1 0.9329912216776903 0
1 1 1 0 0 0 0.248324929320497 1
1 1 1 1 0 1 0.20725485887007722 0
1 1 1 1 0 1 0.9250168852176849 0
1 1 1 1 0 1 0.8348884061378973 0
1 1 1 1 0 1 0.27644534079325095 0
1 1 1 0 0 0 0.7912249717195025 0
1 1 1 1 0 1 0.4012222334933321 0
1 1 1 0 0 0 0.8708187902665024 2
1 1 1 1 0 1 0.83961518193929 0
1 1 1 1 0 1 0.49360247166677285 0
1 1 1 0 0 0 0.8464712796700083 0
1 1 1 1 0 1 0.7814490235503401 0
1 1 1 1 0 1 0.7899158981160058 0
1 1 1 1 0 1 0.3947449704108446 2
1 1 1 1 0 1 0.8310308015665445 0
1 1 1 0 0 0 0.8490536929515753 0
1 1 1 1 0 1 0.8662327798678197 0
1 1 1 1 0 1 0.13319454050841023 2
1 1 1 1 1 1 0.9999998543540751 0
1 1 1 1 0 1 0.8972165414325636 0
1 1 1 1 0 1 0.3032739950339456 0
1 1 1 1 0 1 0.3501518513103628 0
1 1 1 1 0 1 0.8489192859980709 0
1 1 1 1 0 1 0.8352960683116191 0
1 1 1 1 0 1 1.0000000333644388 0
1 1 1 0 0 0 0.8300403967648602 1
1 1 1 1 0 1 0.7851451844003574 2
1 1 1 0 0 0 0.7830313252751122 2
1 1 1 1 0 1 0.7833561632399477 2
1 1 1 1 0 1 0.7675736921886109 0
1 1 1 1 0 1 0.43640508257381666 1
1 1 1 1 0 1 0.8636919459353477 1
1 1 1 1 0 1 0.4813130584675132 1
1 1 1 0 0 0 0.54363301915822 0
1 1 1 1 0 1 0.3523649229206545 0
1 1 0 1 0 1 0.4946048631590131 2
1 1 1 0 0 0 0.887452903122374 0
1 1 1 1 0 1 0.8535487329973592 0
1 1 1 1 0 1 0.8245165443752348 2
1 1 1 1 0 1 0.24188091768256129 0
1 0 1 1 0 1 0.4328153656564455 1
1 1 1 1 0 1 0 1
1 1 1 1 0 1 0.7099800285490305 0
1 1 1 1 0 1 1.0000000062672616 0
1 1 1 1 0 1 0.8050387264599953 0
1 1 1 1 0 1 0.819635572787888 0
1 1 1 1 0 1 0.8262636765112019 1
1 1 1 0 0 0 0.41742640430599454 2
1 1 1 0 1 0 0.7889661037397302 1
1 1 1 1 0 1 0.8927101358402836 0
1 1 1 1 0 1 0.4555858567533877 0
1 1 1 0 1 0 0 0
1 1 1 1 0 1 0.5649826711023997 0
1 1 1 0 0 0 0.782785289137615 0
1 1 1 0 1 0 1.000000040683869 1
1 1 1 1 0 1 0.7532290763072199 0
1 1 1 1 0 1 0.8218163886897484 0
1 1 1 1 0 1 0.8587294560501922 2
1 1 1 1 0 1 0.6552887394498376 0
1 1 1 1 0 1 0.3577062943121 0
1 1 1 1 0 1 0.8860785556705207 0
1 1 1 1 0 1 0.383618339656537 0
1 1 1 1 0 1 0.8131126083669641 0
1 1 1 1 1 1 0.8886726297154492 0
1 1 1 1 0 1 0.8289979759552066 0
1 1 1 0 1 0 0 0
1 1 1 1 0 1 1.000000010807222 0
1 1 1 1 0 1 0.45321945699790855 0
1 1 1 1 0 1 0.7282341490407074 0
1 1 1 1 0 1 0.4561386243773202 2
1 1 1 1 0 1 0.4001609174007535 0
1 1 1 1 0 1 0.4055202718313559 2
1 1 1 1 0 1 0.5266356575618685 0
1 0 1 1 0 1 0.5085863758636088 2
1 1 1 0 0 0 0.7493289309691519 2
1 1 1 1 0 1 0.4676984442396716 0
1 1 1 1 0 1 0.6100480226965319 0
1 1 1 1 0 1 0 0
1 1 1 1 0 1 0.8506178906751708 0
1 1 1 1 0 1 0.8533454430197168 0
1 1 1 1 0 1 0.33656702496167007 0
1 1 1 1 1 1 0.7766323489276364 0
1 1 1 1 0 1 0.8374107434473673 0
1 1 1 1 0 1 0.3869548731756677 0
1 1 1 1 0 1 0.25602876671260943 0
1 1 1 0 0 0 0.6706688292652123 2
1 1 1 0 1 0 0.8101150086947332 2
1 1 1 1 0 1 0.4313291488426732 0
1 1 1 1 1 1 1.000000028799005 2
1 1 1 1 0 1 0 0
1 1 1 1 0 1 0.3385310906664303 0
1 1 0 1 0 1 0.8712451970681901 2
1 1 1 1 0 1 0.46215253429737196 0
1 1 1 1 0 1 0.4598422612451236 0
1 1 1 1 0 1 0.6583555254085433 0
1 1 1 1 0 1 0.9999999744154279 0
1 1 1 0 0 0 0.7212159258165559 2
1 1 1 1 0 1 0.6542781462509963 0
1 1 1 1 1 1 0.827967648127406 0
1 1 1 0 0 0 0.8788946782534183 2
1 1 1 1 0 1 0.7779583969458943 0
1 1 1 1 0 1 1.0000000134402287 0
1 1 1 1 0 1 0.7849611748102344 0
1 1 1 1 0 1 0.8473830339755265 0
1 1 1 1 0 1 0.41871491692715457 0
1 1 1 1 0 1 0.7737464866763077 0
1 1 1 1 0 1 0.8628382143181571 2
1 1 1 1 0 1 0.8176230145680309 0
1 0 1 1 0 1 0 0
1 1 1 1 0 1 0.7560457705125451 0
1 1 0 1 0 1 0.8256828439181318 2
1 1 1 1 0 1 0.6178279506089589 0
1 1 1 0 0 0 0.8627969461088077 2
1 1 1 1 0 1 0.7002134349920477 0
1 1 1 1 0 1 0.9999999577886894 0
1 1 1 1 0 1 0.8998297016366612 0
1 1 1 0 0 0 0.7696418207016373 2
1 1 1 1 0 1 0.25862226934970645 0
1 1 1 0 1 0 0.7408203257191265 0
1 1 1 1 0 1 0.7736316633731751 0
1 1 1 1 0 1 0.21732312976188983 0
1 1 1 0 0 0 0.4450907380903354 0
1 1 1 1 0 1 0.7688443247554388 0
1 1 1 1 0 1 0.7306992715913669 0
1 1 1 0 1 0 0.8812520420124189 2
1 1 1 1 0 1 0.6812876605419519 0
1 1 1 1 0 1 0.460081693005052 0
1 1 1 1 0 1 0 0
1 1 1 1 1 1 0 0
1 1 1 1 0 1 1.0000000300557998 0
1 1 1 1 0 1 0.8529705296949489 0
1 1 1 1 0 1 0.7352583209925744 0
1 1 0 1 1 1 1.0000000134402287 2
1 0 1 1 0 1 0.6385471453598006 2
1 1 1 1 0 1 0.46302569602831745 0
1 1 1 1 0 1 0.24910426182526035 2
1 1 1 1 0 1 0.4636861411934909 0
1 1 1 1 0 1 0 0
1 1 1 1 0 1 0.9999999992301358 0
1 1 1 1 0 1 0.8645792723981348 0
1 1 1 0 0 0 0.5929712891520291 0
1 1 1 1 0 1 0.7563052420037288 2
1 1 1 1 0 1 0.8603577280922201 2
1 1 1 1 0 1 1.0000000616270663 0
1 1 1 1 0 1 0.8565492426162353 2
1 1 1 1 0 1 0.4049295151847808 0
1 1 1 1 0 1 0.5479070288979002 0
1 1 1 1 0 1 0.24610907370068807 0
1 1 1 1 0 1 0.29928116618909006 0
1 1 1 1 0 1 0.7880976085534517 0
1 1 1 1 0 1 0.3431760827524857 0
1 1 1 1 0 1 0.8209648285419593 0
1 1 1 1 0 1 0.23726562930827091 0
1 1 1 1 1 1 0 0
1 1 1 1 0 1 0.4027545991473908 0
1 1 1 1 0 1 0.6922203758217791 0
1 1 0 1 0 1 0.8277304494264287 0
1 1 1 1 0 1 0.8417319766406784 0
1 1 1 1 1 1 0.7550196424653358 0
1 1 1 1 0 1 0.4047670015143256 0
1 1 1 1 0 1 1.0000000077298483 2
1 1 1 0 1 0 0.9044552678710177 0
1 1 1 1 1 1 1.0000000119593815 0
1 1 1 1 0 1 0.3252156465887241 0
1 1 1 1 0 1 0.8108800790989891 0
1 1 1 1 0 1 0.6484866544968181 0
1 1 1 1 0 1 0.4450983952855173 0
1 1 1 1 0 1 0.8791643835756536 0
1 1 1 0 0 0 0.21948976617387447 2
1 1 1 0 0 0 0.7997745228501736 2
1 1 0 1 0 1 1.0000000333362093 0
1 1 1 1 0 1 0.39720246550838745 0
1 1 1 1 0 1 0.3375913653491708 0
1 1 1 1 0 1 0.8305303611775278 0
1 1 1 1 0 1 0.8734951251574617 0
1 1 1 1 0 1 0.8977910669216418 0
1 1 1 1 0 1 0.8741377661868198 0
1 1 1 1 0 1 0.8467123399991134 0
1 1 1 1 0 1 0.8768242702759337 2
1 1 1 1 0 1 1.0000000077298483 2
1 1 1 1 0 1 0.7226930374244356 0
1 1 1 0 0 0 1.0000000176043418 1
1 1 1 1 0 1 0.8139735235683724 0
1 1 1 1 0 1 0.8287875831262205 0
1 1 1 1 0 1 0.7549022593980101 0
1 1 1 1 0 1 0.6751211277717954 0
1 1 1 1 0 1 0.4251800906534422 0
1 1 1 1 0 1 0 2
1 1 1 0 0 0 0.5150465919518927 2
1 1 0 1 0 1 0.8993226559993208 2
1 1 1 1 0 1 0.9002020866663117 1
1 1 1 1 1 1 0.8424826793024206 0
1 1 1 1 0 1 0.40282901246514424 0
1 1 1 1 0 1 0 0
1 1 1 1 0 1 0.8655570661351516 0
1 1 1 1 0 1 0.7400675667792354 0
1 1 1 1 0 1 0.3357816959821573 0
1 1 1 1 0 1 0.7979873514786202 0
1 1 1 0 0 0 0.22077566751630928 1
1 1 1 1 0 1 0.3455815480167229 0
1 1 1 1 0 1 0.8295196465086427 0
1 1 1 1 0 1 0.8391494848296308 0
1 0 1 1 0 1 0.5085863758636088 2
1 1 1 1 0 1 0.7902780358853533 2
1 0 1 0 0 0 0.12351785010058257 1
1 1 1 1 0 1 0.9999999552610601 0
1 1 1 1 0 1 0.7304887290766613 0
1 1 1 1 0 1 0.5261600053199428 0
1 1 1 1 1 1 0.8731613115233143 0
1 1 1 1 0 1 0.5688616715324787 0
1 1 1 1 0 1 0.7637228357441924 0
1 1 1 1 0 1 0.737804669438531 0
1 1 1 0 0 0 0.8837275021802197 0
1 1 1 0 0 0 0.9155757991766287 0
1 1 1 1 0 1 0.2837276083116893 0
1 1 1 1 0 1 0.26038918210755463 0
1 1 1 1 0 1 0.6822277928323938 1
1 1 1 1 0 1 0.7170731550578685 0
1 1 1 1 1 1 0.8620022712408426 0
1 1 1 1 0 1 0.4350436199343033 2
1 1 1 1 0 1 0.8725539411966561 0
1 1 1 1 0 1 0.4410812114133981 1
1 1 1 1 0 1 0.7598423692160095 0
1 1 1 1 1 1 1.0000000435472833 0
1 1 1 1 0 1 0.2912700675571924 0
1 1 1 1 0 1 0.7952240943872159 0
1 1 1 0 0 0 0.7685644645854891 0
1 1 0 1 0 1 0.7818094993340772 1
1 1 1 0 1 0 0.7794073891116028 0
1 1 1 1 0 1 0.7999746437276033 0
1 1 1 0 0 0 0.5895014014418307 0
1 1 1 1 0 1 0.6335191260383639 0
1 1 1 1 0 1 0.9999999213815692 0
1 1 1 1 0 1 0.7567494998253039 0
1 1 1 1 0 1 0.7837739978559792 0
1 1 1 1 0 1 0.4446195842475411 0
1 1 1 1 0 1 0.8484059220405237 1
1 1 1 1 0 1 0.4630119443309758 0
1 1 1 1 0 1 0.48611205684489733 0
1 1 1 1 0 1 0.4657590482541649 0
1 1 1 1 0 1 0.8348899304493445 0
1 1 1 1 0 1 0.798076531391404 0
1 1 1 0 0 0 0.25591243572948424 2
1 1 1 0 0 0 0.8078598933267711 1
1 1 1 1 0 1 0.4878800260761177 0
1 1 1 1 0 1 0.34895631069170135 0
1 1 1 1 0 1 0.7032489928928318 0
1 1 1 1 0 1 0.8180995330563733 0
1 1 1 1 0 1 0.7634097977011131 0
1 1 0 1 0 1 1.0000000567544458 2
1 1 1 1 0 1 0.23464237842821684 0
1 1 1 1 0 1 0.5111140491282173 0
1 1 1 1 0 1 0.7977831136310827 0
1 1 1 1 0 1 0.23714581301508056 0
1 1 1 1 0 1 0 0
1 1 1 1 0 1 0.4318335819684898 2
1 1 1 1 0 1 0.07013049874999004 0
1 1 1 0 0 0 1.0000000090090182 0
1 1 1 1 0 1 0.777092818496555 2
1 1 1 1 0 1 0.5885493259400518 0
1 1 1 1 1 1 0.9999999452073551 2
1 1 0 1 0 1 0.9999999883534992 0
1 1 1 1 0 1 0.39892364911993683 0
1 1 1 1 0 1 0.7822164923293803 0
1 1 1 0 0 0 1.0000000456324285 0
1 1 1 1 0 1 0.8429260088451763 0
1 1 1 0 0 0 0.6968449102280212 2
1 1 1 0 0 0 0.6493883642187366 0
1 1 1 1 0 1 0.4416012248353068 0
1 1 1 1 0 1 0.3016818338345527 2
1 1 1 0 0 0 0.825191611308021 2
1 1 1 1 0 1 0.7861042421910107 0
1 1 1 1 0 1 0.36511899895530137 0
1 1 1 1 0 1 0.6805486981219651 0
1 1 1 1 0 1 0.0749704322779003 0
1 1 1 1 0 1 0.6789879876025061 0
1 1 1 1 0 1 0.7632817011026216 0
