1 1 1 1 0 1 1.0000000098210138 0
1 1 1 1 0 0 0.8840521231520476 0
1 1 1 1 0 0 0.7801753326256836 0
1 1 1 0 0 0 0.40282901246514424 0
1 1 1 1 0 1 0.9999999093231183 0
1 1 1 0 0 0 0.6019156630675649 0
1 1 1 1 0 1 0.9999999460455441 2
1 1 1 1 0 0 0.7309869809833923 0
1 1 1 0 0 0 0.8129166068036597 0
1 1 1 1 0 0 0.7594965271536017 2
1 1 1 1 0 0 0.7968291103265895 0
1 1 1 1 0 0 0.8290076551330507 0
1 1 1 1 0 1 0.7830888713151954 1
1 1 1 0 0 0 0.8575998242515577 2
1 1 1 1 0 1 0.720543279927501 0
1 1 1 1 0 0 0.8545599384855503 2
1 1 1 1 0 0 0.7221978432646591 0
1 1 1 1 0 0 0.6596373768350289 0
1 1 1 0 1 0 0.9025433648135399 1
1 1 1 1 0 0 0.8589632909938208 0
1 1 1 1 0 0 0.6122546017478258 0
1 1 1 1 0 0 0.6994429032794486 2
1 1 1 1 0 0 1.0000000051942646 0
1 1 1 1 0 1 0.8342267036491241 0
1 1 1 1 0 1 0.8604078212199419 0
1 0 1 1 0 1 0.5085863758636088 0
1 1 1 0 0 0 0.8428979005818025 0
1 1 1 1 0 0 0.8304809082706102 0
1 1 1 1 0 0 0.40842917796562866 0
1 1 1 1 0 1 0.7713956875975192 0
1 1 1 1 0 0 0.7767699654036725 0
1 1 1 1 0 1 0.8387768863602841 2
1 1 1 1 0 0 0.730965000944878 0
1 1 1 1 0 1 0.7814974746956128 0
1 1 1 1 0 0 0.4868918302703545 0
1 1 1 1 0 0 0.6436297201136495 0
1 1 1 1 0 0 1.0000000353603435 2
1 1 1 1 0 1 0.8397958858321721 2
1 1 1 0 0 0 0.8547157357796936 0
1 1 1 1 0 0 1.000000010899424 2
1 1 1 0 0 0 1.000000038045237 2
1 1 1 0 1 0 0.9999999829291142 2
1 0 1 1 0 1 0.6108922520094145 1
1 1 1 0 1 0 0.9999999847511785 1
1 1 1 1 0 1 0.737034876982548 2
1 1 1 1 0 0 0.32561103638552835 0
1 1 1 1 0 0 0.7617840741302897 0
1 1 1 0 0 0 0.9999999715697022 0
1 1 1 1 0 0 0.2956614787382053 0
1 1 1 1 0 1 0.8576218615964735 0
1 1 1 1 0 0 0.8025580386037682 0
1 1 1 1 0 0 0.9999999964346262 2
1 1 1 1 0 0 0.7802205773651683 0
1 1 1 0 0 0 0.7810711170888751 0
1 1 1 1 0 0 0.7928551396689557 0
1 1 1 1 0 0 0.8358269967608294 0
1 1 1 1 0 0 0.2890554723809991 2
1 1 1 0 0 0 0.3237471440378996 2
1 1 1 1 0 1 0.9096652342121364 0
1 1 1 1 0 1 0.4036413561646032 2
1 1 1 1 0 0 1.000000048154326 0
1 1 1 1 0 0 0.551595039689843 0
1 1 1 1 0 0 0.6330092288357881 0
1 1 1 1 0 0 0.9999999717994544 0
1 1 1 1 0 0 0.8879917077201056 0
1 1 1 0 0 0 0.669139768706115 1
1 1 1 1 0 1 0.8768397488209616 0
1 1 1 1 1 0 0.9999999455927332 0
1 1 1 1 0 0 0.4061006919987019 0
1 0 1 1 0 0 0.5085863758636088 2
1 1 1 1 0 1 0.7016354846354725 1
1 1 1 1 0 1 0.8072835085937351 0
1 1 1 1 1 1 0.9023472095930999 2
1 1 1 1 1 0 0.8736559237165722 1
1 1 1 0 0 0 0.2722874738895907 2
1 0 1 0 0 0 0.5192646442766797 1
1 1 1 1 0 0 0.33746658239588295 0
1 1 1 0 0 0 0.3163705583513338 0
1 1 1 1 0 1 0.6646798956007296 0
1 1 1 0 0 0 0.41695372421343285 1
1 1 1 1 0 0 0.7210989677415311 0
1 1 1 1 0 0 0.9044061799195161 0
1 1 1 1 0 0 0.6361869301436857 0
1 1 1 1 1 0 1.0000000229394943 1
1 1 1 0 1 0 0.8156781894200611 0
1 1 1 1 0 0 0.8660867977851673 0
1 1 1 1 0 0 0.8064287671674765 0
1 1 1 1 0 0 0.7972448723040929 0
1 1 1 1 0 0 0.9195344192014138 0
1 1 1 1 0 0 0.8494879613802322 0
1 1 1 1 0 0 0.8407786024811119 0
1 1 1 1 0 1 0.8338784536505898 0
1 1 1 1 0 0 0.8715277955496568 0
1 1 1 0 0 0 0.29657047955104343 0
1 1 1 1 0 0 0.8449089998078868 0
1 1 1 1 0 0 0.8022375889918645 0
1 0 1 0 0 0 0.5085863758636088 2
1 0 1 1 0 0 0.5085863758636088 0
1 1 1 1 0 0 0.22938401099229003 0
1 1 1 1 0 0 0.47999149038026356 0
1 1 1 1 0 0 0.714761845379482 0
1 1 1 1 0 1 0.8357163848068051 0
1 1 1 1 0 0 0 0
1 1 1 1 0 0 0.40842917796562866 0
1 1 1 1 0 0 0.521102987528743 0
1 1 1 1 0 0 0.7646093113814619 2
1 1 1 1 0 0 1.0000000134402287 0
1 1 1 1 0 0 0 0
1 1 1 1 0 1 0.8819747384854904 0
1 1 1 1 0 1 0.709776815838921 0
1 1 1 0 0 0 0.25837349800165826 2
1 1 1 1 0 1 0.8525741217582579 0
1 1 1 1 0 0 0.5473221260402928 0
1 1 1 1 0 0 0.7011104672708551 0
1 1 1 1 0 0 0.693180390379479 0
1 1 1 1 0 1 0.7708854160449606 1
1 1 1 1 0 0 0.7708854160449606 1
1 1 1 1 0 1 0.8481201676616682 1
1 1 1 1 0 0 0.8758998275921219 0
1 1 1 0 0 0 0.7542543927774806 0
1 1 1 1 0 0 0.8252990923158486 0
1 1 1 0 0 0 0.7965447511275426 1
1 1 1 1 0 0 0.8397111457049771 0
1 1 1 1 0 1 0.665972042689756 2
1 1 1 1 0 0 1.0000000253028822 0
1 1 1 1 0 0 0.6902642128101331 0
1 0 1 1 0 0 0.36293621126679015 1
1 1 1 1 0 1 0.8893594445998664 0
1 1 1 0 0 0 0.7783538852859068 1
1 1 1 1 0 0 0.7741723106289752 0
1 1 1 0 0 0 0.8533719671957085 1
1 1 1 0 0 0 0.888527625561771 0
1 1 1 1 0 0 0.836161529798338 0
1 1 1 1 0 1 0.8437623180074877 2
1 1 1 1 0 0 0.8538955636357229 0
1 1 1 1 0 0 0.7918091861326473 0
1 1 1 1 0 1 0.8058232422693838 0
1 1 1 0 0 0 0.3298092301636672 2
1 1 1 1 0 0 0.8167582939079008 1
1 1 1 0 0 0 0.6408310473735159 1
1 1 1 1 0 0 0.8196358096636416 0
1 1 1 1 0 1 0.8476044261546043 0
1 1 1 1 1 1 0.8395140115103833 0
1 1 1 1 0 0 0.7009142825431822 0
1 1 1 1 0 0 0.789410766095613 2
1 1 1 1 0 1 0.7063610894286143 1
1 1 1 0 0 0 0.759669407176512 1
1 1 1 1 0 1 0.8581457403970453 0
1 0 1 1 0 0 0.5085863758636088 0
1 1 1 1 0 0 0.8580702952250079 0
1 1 1 1 0 1 0.8844180085519854 0
1 0 1 1 0 0 0.5085863758636088 0
1 1 1 0 0 0 0.4036413561646032 1
1 1 1 1 0 0 0.5865745875703169 0
1 1 1 0 1 0 0.8502549946606538 1
1 1 1 1 0 0 0.35878592874747844 0
1 1 1 1 0 0 0.8033419953841598 0
1 1 1 1 0 0 0.6010242152977991 2
1 1 1 1 0 0 0.6863289586348783 0
1 1 1 1 0 0 0.893238801259367 0
1 1 1 1 0 1 0.6642813390695149 1
1 1 1 1 0 0 0.7701591337302093 0
1 1 1 1 1 1 0.8040858557133831 1
1 1 1 1 0 0 0.7808108133203632 0
1 1 1 1 0 1 0.6301399065265585 0
1 1 1 1 0 0 0.7844756948329726 0
1 1 1 1 0 0 0.849149251504339 0
1 1 1 1 0 1 0.8596910939557357 0
1 1 1 1 0 1 0.750833617741717 0
1 1 1 1 0 1 0.8240407627430781 0
1 1 1 1 0 0 0.4899057794343981 0
1 1 1 0 0 0 0 1
1 1 1 1 0 0 0.4924744467919386 0
1 1 1 0 0 0 0.8621229707668113 0
1 1 1 1 0 0 0.3767753299751716 0
1 1 1 1 0 0 1.0000000153443251 2
1 1 1 1 0 0 0.38654462751858976 0
1 1 1 1 1 1 1.0000000134402287 0
1 1 1 1 0 1 0.7762251303815948 0
1 1 1 1 1 0 1.0000000168461651 2
1 0 1 1 0 0 0.5085863758636088 1
1 1 1 1 0 0 0.8237231503294695 1
1 1 1 1 0 0 0.8179336128554221 0
1 1 1 1 0 0 0 2
1 1 1 0 0 0 0.8732118176061188 0
1 1 1 1 0 0 0.8227584115674463 0
1 1 1 1 0 0 0.43289307672980465 0
1 1 1 1 0 1 0.8893594445998664 1
1 1 1 0 0 0 0.8230487328751576 1
1 1 1 1 0 0 0.8296441612557824 0
1 0 1 1 0 0 0.5085863758636088 1
1 1 1 0 1 0 0.784414786588021 0
1 1 1 1 0 0 0.8779942394357413 0
1 1 1 1 0 0 0.6913625251833071 0
1 1 1 1 0 1 0.44799878166128887 0
1 1 1 1 0 0 0.7876737979839343 0
1 1 1 1 1 0 0.8962595532369659 0
1 1 1 1 0 0 0.7420793146241884 1
1 1 1 1 0 1 0.8155885168968142 0
1 1 1 1 0 0 0 0
1 1 1 1 0 0 0.37912903524293773 1
1 1 1 1 1 0 0.8384914043085298 1
1 1 1 1 0 1 0.9063932885381676 1
1 1 1 1 0 0 0.8315801304872147 0
1 1 1 0 0 0 0.7921950019928007 2
1 1 1 1 0 0 0.882233587649595 0
1 1 1 1 0 0 0.9999999925395276 1
1 1 1 1 0 0 0.7550272217799244 0
1 1 1 1 0 0 0.8435779036563316 0
1 1 1 1 0 0 0.3875032758652763 0
1 1 1 1 0 0 0.695407569926308 0
1 1 1 1 0 0 0.6147893012073362 0
1 1 1 1 0 0 0.9999999924010845 0
1 1 1 0 0 0 0.803368993870995 1
1 1 1 0 0 0 1.0000000049853497 0
1 1 1 0 0 0 0.8219040208701303 2
1 1 1 0 0 0 0.8714032954716746 0
1 0 1 0 0 0 0.3462711805428659 1
1 1 1 1 0 0 1.0000000380355634 0
1 1 1 1 0 0 0.8365080987593474 2
1 1 1 1 0 0 0.9999999820582323 0
1 1 1 0 0 0 0.8544066057392817 0
1 1 1 1 0 0 0.8381949948358922 2
1 1 1 1 0 1 0.855746019921174 0
1 1 1 1 0 1 0.50926563352338 0
1 1 1 1 0 1 0.8064771195445734 0
1 1 1 0 0 0 0.8066688324079728 2
1 0 1 1 0 0 0.6259857379684133 1
1 0 1 0 0 0 0.5085863758636088 1
1 1 1 1 0 0 0.9999999868742951 0
1 1 1 1 0 0 0.8513998743302295 1
1 1 1 0 0 0 0.9502011898583337 0
1 1 1 1 0 0 0.5701075797544369 0
1 1 1 1 0 0 0.7082798437536143 0
1 1 1 1 0 0 0.833741537968693 0
1 1 1 1 0 1 0.36317713472255597 1
1 0 1 1 0 0 0.5085863758636088 1
1 1 1 1 0 1 0.2855296742900633 0
1 1 1 1 0 1 0.8521108556646861 0
1 1 1 1 0 0 0.7902194163620062 1
1 1 1 1 0 0 0.48926365503802666 0
1 1 1 1 0 0 0.8155606284391295 0
1 1 1 1 0 0 0.3781358370963855 0
1 1 1 0 0 0 0.8385104130567117 0
1 1 1 1 1 0 0.9999999475021897 2
1 1 1 1 0 1 0.8444945431609758 0
1 1 1 1 0 0 0.7604235639475451 0
1 1 1 1 0 0 0.45725518284882605 2
1 1 1 1 0 0 0.7929387050345791 0
1 1 1 1 0 1 0.7658218774060105 1
1 1 1 1 0 0 0.8422985169735691 0
1 1 1 1 0 0 0.8625070959195635 0
1 0 1 1 0 0 0.6377538625523269 0
1 1 1 1 0 0 0.675563328236981 0
1 1 1 1 0 1 0.7259681496179325 0
1 1 1 0 0 0 0.5754247135515516 2
1 1 1 1 0 0 0.6473960298283616 0
1 1 1 1 0 0 0.534968439478874 0
1 1 1 0 0 0 0 2
1 1 1 0 0 0 0.35553946673387443 1
1 1 1 1 0 1 0.515415050061857 0
1 1 1 1 1 0 1.000000043141458 0
1 1 1 0 0 0 0.7512752858075131 2
1 1 1 0 0 0 0.8561023614498547 1
1 1 1 1 0 1 0.7399839593148142 0
1 1 1 1 0 0 0.7345588456071621 0
1 1 1 1 0 1 0.7772156263880464 0
1 1 1 1 0 0 0.7951956361935575 0
1 1 1 1 0 1 0.8130302190243479 2
1 1 1 0 0 0 0.8976863984535015 0
1 1 1 1 0 1 0.7866025103391008 0
1 1 1 1 0 1 0.7116685522552613 2
1 1 1 0 0 0 0.7647630480946084 0
1 1 1 1 0 0 0.5360300535609381 0
1 1 1 1 0 0 1.0000000309565438 2
1 1 1 0 1 0 0 1
1 1 1 0 0 0 0.8725477488130025 0
1 1 1 1 0 0 0.839627002339997 0
1 1 1 1 0 1 0.4592285283490935 0
1 1 1 1 0 0 0.19806173936172602 0
1 1 1 1 0 1 0.8382069441023139 2
1 1 1 1 0 0 0.7088578334323621 0
1 0 1 1 0 0 0.3771750115453101 0
1 1 1 1 0 0 0.8237061374024944 2
1 1 1 1 0 1 0.8736258577005027 0
1 1 1 1 0 1 0.8533564554898823 0
1 1 1 1 0 0 0 0
1 1 1 0 0 0 0.8389328041972794 1
1 1 1 1 0 0 0.8313313822790136 0
1 1 1 1 0 0 0.75665753811086 0
1 1 1 1 0 0 0.8230053526815987 0
1 1 1 1 0 0 0.9999999054994367 2
1 1 1 1 0 0 0.8061437384098895 0
1 1 1 1 0 1 0.801341523013483 0
1 1 1 1 0 0 0.8190515379340926 0
1 0 1 1 0 0 0.5085863758636088 2
1 1 1 1 0 0 0.7646297115884971 0
1 1 1 0 0 0 0.999999988330968 2
1 1 1 0 0 0 0.29542210618825154 0
1 1 1 0 0 0 0.8429837660625227 0
1 1 1 1 0 0 0.4743187208688796 0
1 1 1 0 0 0 0.7816579716512142 0
1 1 1 1 0 0 0.8361251341898709 0
1 1 1 0 0 0 0.62111882550392 0
1 1 1 1 0 0 0.7155225763444788 0
1 1 1 0 0 0 0 0
1 1 1 1 0 0 0.7442236716128066 0
1 1 1 0 0 0 0.8280612127434059 0
1 1 1 1 0 1 0.4391292838345692 2
1 1 1 1 0 0 0.813812162395141 2
1 1 1 1 0 1 0.727006486837383 1
1 1 1 0 1 0 0.9999999976622188 1
1 1 1 0 0 0 0.8012431214027178 1
1 1 1 1 0 1 0.2599687676545282 1
1 1 1 1 0 0 0 0
1 0 1 0 0 0 0.5085863758636088 2
1 1 1 1 0 0 0.6179089111868594 0
1 1 1 1 0 0 0.6970410014769743 0
1 1 1 1 0 0 0.8664390846018404 0
1 1 1 1 0 1 0.86827818480652 0
1 1 1 1 0 1 1.000000045951048 2
1 1 1 1 0 0 0.6225543712178422 0
1 1 1 1 0 1 0.6872474305935405 0
1 1 1 1 0 1 0.7790682028966427 0
1 1 1 0 0 0 1.0000000152493291 2
1 1 1 1 0 0 0.6843622110750748 0
1 1 1 1 0 0 0.7344769300059272 0
1 1 1 1 0 1 0.30248058924866117 0
1 1 1 0 0 0 0.7366400538126108 0
1 1 1 1 0 0 0.3723868897652637 0
1 1 1 0 0 0 0.436194840068304 2
1 1 1 1 0 1 0.8204825134038414 0
1 1 1 0 0 0 0.8180195688121809 0
1 1 1 1 0 0 0.8291431416500632 0
1 1 1 0 0 0 0.8087157728450532 0
1 1 1 1 0 0 0.3868519450049915 0
1 0 1 1 0 1 0.6813456108132631 1
1 1 1 1 0 0 0.21543365157655192 0
1 1 1 1 0 1 0.850124173003363 0
1 1 1 1 0 0 0.757102163711946 0
1 1 1 1 0 0 0.7730440135781639 0
1 1 1 1 0 0 0.6790269989271416 0
1 1 1 1 0 0 0.6106415824687451 0
1 1 1 0 0 0 1.0000000149211492 0
1 1 1 1 0 0 0.4365451942203635 0
1 1 1 0 0 0 0 0
1 1 1 1 0 0 0.7941174862228727 0
1 1 1 1 1 1 0.7480667652282585 0
1 1 1 1 0 0 0.5986725925337394 0
1 1 1 1 0 0 0.7003847693006903 0
1 1 1 0 0 0 0.2922193298113558 0
1 1 1 1 0 1 0 0
1 1 1 0 0 0 0.8324306060332551 1
1 1 1 1 0 0 0.6648511043382933 0
1 1 1 0 0 0 1.000000004017668 0
1 1 1 1 0 1 0.4149920462275533 0
1 1 1 1 0 1 0 1
1 0 1 1 0 0 0.5085863758636088 0
1 1 1 1 0 0 0.3683506908755145 0
1 0 1 0 0 0 0.46590508576796863 1
1 1 1 0 1 0 0.8803326514722263 2
1 1 1 0 0 0 0.4553193522084531 0
1 1 1 1 1 0 0.8433345382852088 1
1 1 1 1 0 0 0.6165084048270069 0
1 1 1 1 0 0 0.6781532195333608 0
1 1 1 1 0 1 0.39164634416250793 0
1 1 1 1 0 1 0.7890562338924291 1
1 0 1 0 0 0 0.5085863758636088 0
1 1 1 1 0 0 0.7828894803424521 0
1 1 1 1 1 0 0 1
1 1 1 0 0 0 0.8628273969221969 0
1 1 1 0 0 0 0.7526097892010677 1
1 1 1 1 0 0 0.5248520689988695 0
1 1 1 0 0 0 1.0000000120242871 0
1 1 1 1 0 0 0.6517665488867731 0
1 1 1 1 0 0 0.20830877298313424 2
1 1 1 0 0 0 0.8379348544550395 1
1 1 1 0 0 0 0.441620176831031 0
1 1 1 0 0 0 0.684452385539007 2
1 1 1 0 0 0 1.0000000090090182 2
1 1 1 1 0 0 0.8269318158586801 0
1 1 1 1 0 0 0.8552288114717759 0
1 1 1 1 0 0 0.6771015060713721 0
1 1 1 1 0 0 0.9240136219934353 0
1 1 1 1 0 0 0.8518284574512722 0
1 1 1 1 0 1 0.8342631408981405 1
1 1 1 0 1 0 0.7129656642298933 2
1 1 1 1 0 1 0.3387347166937163 0
1 1 1 0 1 0 0.9167231151860207 1
1 1 1 1 0 1 0.6793282170074828 0
1 1 1 0 0 0 0.740136903084353 0
1 1 1 1 0 1 0.8014970682844731 0
1 1 1 0 1 0 0.9999999208160338 1
1 1 1 1 0 0 0.3448662700810241 0
1 1 1 1 1 1 0.999999929379412 0
1 1 1 1 0 0 1.0000000765414543 0
1 1 1 1 0 0 0.8392893785368218 2
1 1 1 1 0 0 0.9999999743963977 0
1 1 1 1 0 0 0.7464021159996355 0
1 1 1 1 0 0 0.8740198607545041 0
1 1 1 1 0 1 0.5443446201648523 1
1 0 1 1 0 0 0.5085863758636088 0
1 1 1 0 0 0 0.2841897478846497 2
1 1 1 1 1 0 0.8849271462732938 2
1 0 1 1 0 0 0.5298506793561648 1
1 1 1 1 0 0 0.6826751432227528 1
1 1 1 1 0 0 0.7726961328192629 0
1 1 1 1 0 1 0.8324306060332551 1
1 1 1 1 0 0 0.2260879047803994 0
1 1 1 1 0 0 0.7935951412295762 0
1 1 1 1 1 1 1.0000000218603995 1
1 1 1 1 0 0 1.000000015985983 2
1 1 1 1 0 1 0.7773184729663813 0
1 1 1 0 0 0 0.8377766684859235 1
1 1 1 1 0 0 0.7745549173645053 0
1 1 1 0 0 0 0.7932951452090883 1
1 1 1 0 0 0 0.41222340846144145 0
1 1 1 0 1 0 0.8349343946545935 1
1 1 1 0 0 0 0.23924329326807772 0
1 1 1 1 0 1 0.6811618431911126 0
1 1 1 1 0 1 0.6924116201550536 0
1 1 1 1 0 0 0.8465926085664521 0
1 1 1 1 0 1 0 0
1 1 1 0 0 0 0.5060195984376145 0
1 1 1 1 0 1 0.8261797919233987 0
1 1 1 1 0 0 0.707191558123905 0
1 1 1 0 0 0 0.849221377907782 1
1 1 1 1 0 0 0.8410711071366697 0
1 1 1 0 1 0 0.8700179312216326 0
1 1 1 1 0 0 0.6989730485247881 0
1 1 1 0 0 0 0.7508208032780991 0
1 1 1 0 0 0 0.6326900456794424 0
1 1 1 1 0 0 0.43793846793813684 0
1 1 1 1 0 0 0.38943268186553953 0
1 1 1 1 1 1 1.000000057553951 0
1 1 1 1 0 0 1.0000000142026353 0
1 1 1 1 0 0 0.8376529549498758 1
1 1 1 1 1 1 0.7560799455367879 1
1 1 1 1 0 1 0 0
1 0 1 1 0 0 0.3359275931396132 1
1 1 1 1 0 1 0.88680827950416 1
1 1 1 1 0 0 0.7170862049266149 0
1 1 1 1 0 0 0.8458196340017481 0
1 1 1 1 0 0 0.8042222201347073 0
1 1 1 0 1 0 0.9999999296499906 1
1 1 1 0 1 0 0.9999999296499906 1
1 1 1 1 0 0 0.8767333862105289 0
1 1 1 1 0 1 0.831833935620888 0
1 1 1 0 0 0 0.5417151165418927 0
1 1 1 1 1 1 0.7882906344273164 0
1 1 1 1 0 0 0.9999999179608915 0
1 1 1 0 0 0 0.7151765968279892 2
1 1 1 0 0 0 0.8427014633123807 2
1 1 1 1 1 0 0.7589935163998746 0
1 1 1 1 0 1 0.6646799145350014 0
1 1 1 0 1 0 0.8292364437962788 0
1 0 1 1 0 0 0.24982058921500622 1
1 1 1 1 0 1 0.645610290619391 0
1 1 1 1 0 0 0.4779473508048815 1
1 1 1 1 0 1 0.4592109938816224 0
1 1 1 1 0 1 0.7991546297138705 2
1 1 1 0 0 0 0.7823746872521619 1
1 0 1 1 0 1 0.5085863758636088 1
1 1 1 1 0 0 0.6715811644089488 1
1 1 1 1 0 0 0.22454203857086308 0
1 1 1 1 0 0 0.8442555631429683 0
1 1 1 1 0 0 0.6239109212450674 0
1 1 1 1 0 1 0.8075144400759688 0
1 1 1 0 0 0 0.999999935648173 1
1 1 1 1 0 1 0.9279200144062716 0
1 1 1 0 0 0 0.7162961132030786 1
1 1 1 1 0 1 1.0000000340797548 1
1 1 1 1 0 0 0.3356093778185653 0
1 1 1 1 0 0 0.8017788976872123 1
1 1 1 1 0 0 0.868479754178156 1
1 1 1 1 0 0 0.45162920485788866 0
1 1 1 1 0 0 0.8680600313389266 0
1 1 1 0 0 0 0.2500696229332951 0
1 1 1 0 0 0 0.9999999570964424 0
1 1 1 1 0 0 0.8083094310830987 0
1 1 1 1 0 0 0.32953719709012125 0
1 1 1 1 0 1 0.793357161193712 1
1 1 1 1 0 0 0.42688269997577744 1
1 1 1 1 0 1 0.8402428101054947 0
1 1 1 0 1 0 0.9655140926419329 1
1 1 1 0 1 0 0.8965652915755509 2
1 1 1 1 0 0 0.8313313822790136 0
1 1 1 1 0 0 0.5165983772166121 0
1 1 1 1 0 0 0.8243026022739101 0
1 1 1 1 0 1 0.7617911076098782 0
1 1 1 0 0 0 0.7890810567180987 0
1 1 1 1 0 0 0.838150201246963 1
1 1 1 0 0 0 0.7519328329079771 2
1 1 1 1 0 1 0.7375798214936382 0
1 1 1 1 0 1 0.7610322607694849 0
1 1 1 1 0 0 0.41174523351313996 0
1 1 1 1 0 0 0.8099769362507413 0
1 0 1 1 0 0 0.6377538625523269 2
1 1 1 0 0 0 0.7581914463849411 0
1 1 1 1 1 0 1.0000000612267936 0
1 1 1 1 0 0 0.34610530326322975 0
1 1 1 1 0 0 0.2553822045035463 0
1 1 1 0 0 0 0.7512442990711902 1
1 1 1 1 0 0 0.816458306711163 0
1 1 1 1 0 0 0.6809536154233434 0
1 1 1 1 0 0 0.7854434719900045 0
1 1 1 0 1 0 0.7162261697615305 2
1 1 1 1 0 0 0.8050670898686851 0
1 1 1 0 0 0 0.7204959957515465 1
1 1 1 1 0 0 0.8057238279013041 0
1 1 1 1 0 0 0.5527784194221934 0
1 1 1 1 0 0 0.8204687009740954 1
1 1 1 1 0 0 0.7655705159581065 0
1 1 1 1 0 1 0.5825238293430146 0
1 1 1 1 0 0 0.8237711118397887 0
1 1 1 1 0 0 0.811289732198982 0
1 1 1 0 0 0 0 1
1 1 1 1 0 1 0.23613779829452894 1
1 1 1 1 0 1 0.8065122082265032 0
1 1 1 0 0 0 0.8295469950667558 2
1 1 1 1 0 1 0.8716002258501073 0
1 1 1 1 0 0 0.7709111858186598 2
1 1 1 0 0 0 0 2
1 1 1 1 0 1 0.7886099456227743 0
1 1 1 1 0 0 0.8540641720042441 2
1 1 1 1 0 1 0.8972436264916681 0
1 1 1 1 0 0 0.7958314800837949 0
1 1 1 0 0 0 0.837279320065332 0
1 1 1 0 0 0 0.1051944449102583 1
1 1 1 0 0 0 0.7450768585689309 2
1 1 1 1 0 0 0.46571514735259345 0
1 1 1 1 0 1 0.8081106840533215 0
1 1 1 1 1 0 0.6815454064937935 2
1 1 1 1 0 0 0.9022190962107292 0
1 1 1 1 0 0 0.503140635141956 0
1 0 1 1 0 0 0.5995513636014931 1
1 1 1 1 0 0 0.8383905449833259 0
1 1 1 1 0 1 0.5304655424412504 0
1 1 1 1 1 0 0.8505924480867378 1
1 1 1 0 0 0 0.6075920238907017 1
1 1 1 0 0 0 0.8737978452638095 0
1 1 1 0 0 0 0.7907587084169295 1
1 1 1 1 0 0 0.8445446445071978 0
1 1 1 1 0 1 0.8494644705862802 0
1 1 1 1 0 0 0.8515662939400946 0
1 1 1 1 1 0 0.8376624254011523 0
1 1 1 0 0 0 0.44046580009969244 0
1 1 1 1 0 1 0.7762563636529257 0
1 1 1 1 0 0 1.0000000242864662 0
1 1 1 1 0 0 0.8382680569188602 0
1 1 1 1 0 0 0.3420728990027418 0
1 1 1 0 0 0 0.7690558393978812 2
1 0 1 1 0 0 0.6911034436742756 1
1 1 1 1 0 0 0.692240430258271 0
1 1 1 1 1 1 0.7935020530211134 1
1 1 1 1 0 0 0.6983684110193287 0
1 1 1 1 0 0 1.0000000254390544 0
1 1 1 1 0 1 0.8188996250310997 0
1 1 1 1 0 0 0.815198883526888 0
1 0 1 0 0 0 0.4410377111029609 1
1 1 1 1 0 0 0.26002142194193795 0
1 1 1 0 0 0 0.3624952971110148 1
1 1 1 1 1 1 1.000000012985404 1
1 1 1 1 0 0 0.835279139132513 0
1 1 1 0 0 0 0.43276169969434986 1
1 1 1 1 0 0 1.0000000090090182 0
1 0 1 1 0 0 0.5242169817825768 0
1 1 1 1 0 1 0.8484759292332059 0
1 1 1 1 1 0 0.8220108176971608 1
1 1 1 1 0 0 0.8062155501534928 0
1 1 1 0 0 0 0.5140921059108049 0
1 1 1 1 0 0 0 0
1 1 1 0 1 0 0.8831621821408675 2
1 1 1 1 0 1 0.8364268602208543 0
1 1 1 1 0 0 1.0000000254390544 0
1 1 1 1 1 0 0.8638896804852971 0
1 1 1 1 0 1 0.8555788398200648 0
1 1 1 1 0 0 0.5301254113868903 0
1 1 1 0 0 0 0.8246767048251654 0
1 1 1 1 0 0 0.808060742196214 0
1 1 1 1 0 1 0.8894607324572769 0
1 1 1 1 0 1 0.578785974898477 0
1 1 1 1 0 0 0.8003761072177736 0
1 1 1 1 0 0 0.7161530138873633 0
1 1 1 1 1 0 1.0000000017373498 1
1 1 1 0 0 0 0.2573962358068659 0
1 1 1 0 0 0 0.8594322794569911 0
1 1 1 1 0 0 0.8147624700481275 0
1 1 1 1 0 0 1.0000000335011847 0
1 1 1 0 1 0 1.0000000180254247 0
1 1 1 0 0 0 0.4508604714463922 0
1 1 1 1 0 1 0.46966809766188894 0
1 1 1 1 0 0 0.3496397788066694 0
1 1 1 1 0 1 0.6844813358335479 0
1 1 1 1 0 0 0 0
1 1 1 1 0 0 0.7302156275320643 0
1 1 1 1 0 0 0.7814806164190611 0
1 1 1 1 0 0 0.851046880702492 1
1 1 1 1 0 1 0.9182651538578168 0
1 1 1 1 0 0 0.7750842433069921 0
1 0 1 1 0 0 0 1
1 1 1 0 0 0 0.7053995547803336 1
1 1 1 0 0 0 0.8285925212106083 2
1 1 1 1 1 1 0.8333903692799985 0
1 1 1 1 0 0 0.6812678629343238 0
1 1 1 1 0 1 0.9999999810094956 0
1 1 1 1 0 1 0.5199277339713846 0
1 1 1 1 0 0 0.8013670489884124 0
1 1 1 1 0 1 0.6715858910274872 0
1 1 1 1 0 1 0.29869774385322445 0
1 1 1 1 0 0 0.5254496573904794 0
1 1 1 1 0 0 0.9999999634617445 0
1 1 1 0 1 0 0.7647238062968308 1
1 1 1 1 1 0 0.8704223089667695 1
1 1 1 1 0 0 0.8371662141705777 0
1 1 1 1 0 1 0.8570964941959527 0
1 1 1 0 0 0 0.47636330428620643 1
1 1 1 0 0 0 0.8026389951677326 1
1 1 1 1 1 1 0.8095942357363751 1
1 0 1 1 0 1 0.5085863758636088 0
1 1 1 1 0 1 0.8500413392218086 0
1 1 1 1 0 0 0.7369002640107527 0
1 1 1 1 0 1 0.8971905392801431 1
1 1 1 1 0 0 0.8829738871400801 0
1 1 1 1 0 0 0.31460082001043316 0
1 1 1 1 0 0 0.7687614517535458 2
1 1 1 0 0 0 0.5001466090302229 1
1 1 1 1 0 0 0.17875350573074392 0
1 1 1 1 0 0 0.7257874571032715 2
1 1 1 1 0 0 0.8946365017379828 0
1 1 1 1 0 0 0.6104901630674147 0
1 1 1 1 0 0 0.8085282067909294 0
1 1 1 1 1 1 0.752231907008789 0
1 1 1 1 0 1 0.7870477623762054 0
1 1 1 1 0 1 0.562157633501457 0
1 1 1 1 0 0 0.8397007103176986 0
1 1 1 0 0 0 0.66673911315956 0
1 1 1 1 0 0 0.8166656944321127 0
1 1 1 0 0 0 0.9999998919709963 0
1 1 1 1 0 1 0.4103781928686525 0
1 1 1 1 0 0 0.5529206236979187 0
1 1 1 0 0 0 0.7285663656960705 0
1 1 1 1 0 1 0.7531474066476327 0
1 0 1 1 0 1 0.5085863758636088 1
1 1 1 1 0 0 0.5366117408220473 0
1 1 1 1 0 0 0.9999999863097965 0
1 1 1 1 0 0 0.8456307959805973 0
1 1 1 1 0 1 0.6212634554518817 2
1 1 1 0 1 0 0.836038141924849 0
1 1 1 1 0 0 0.8327470892289919 0
1 1 1 1 0 0 0.4027545991473908 0
1 1 1 1 1 0 1.0000000005482728 1
1 1 1 1 1 0 0.7136134719063689 0
1 1 1 1 0 0 0.8967961886193145 1
1 1 1 1 1 0 1.0000000612843327 0
1 1 1 1 0 1 0.7900650622513254 1
1 1 1 1 0 1 0.5344618606869543 0
1 1 1 1 0 0 0.8456770433316044 0
1 1 1 1 0 0 0.8068005534676097 0
1 0 1 1 0 1 0.5085863758636088 0
1 1 1 1 0 0 0.4528522095990382 0
1 1 1 0 0 0 0.9999999493988653 1
1 1 1 0 0 0 0.7809536212101986 1
1 1 1 0 0 0 1.000000023501686 0
1 1 1 1 0 0 0.8711403586702537 0
1 1 1 1 0 0 1.0000000105298503 0
1 1 1 1 0 1 0.8568648868724564 0
1 1 1 1 0 1 0.7291827154130502 1
1 1 1 1 0 0 0.8253143400575087 0
1 1 1 0 0 0 0.7017553561442575 1
1 1 1 1 0 0 0.7876296608434921 0
1 1 1 1 0 1 0.9999999120327367 0
1 1 1 1 0 0 0.7734346149904762 0
1 1 1 1 0 0 0.8866905984139243 0
1 1 1 1 1 1 0.8510208255051268 0
1 1 1 0 0 0 0.8025744814773612 0
1 1 1 1 0 1 0.9999999280772488 1
1 1 1 1 0 1 0.8341205950911521 0
1 1 1 1 0 1 0.4542097798408012 0
1 1 1 1 0 0 0.6397326778374323 0
1 1 1 1 0 0 0.8427014633123807 0
1 1 1 1 0 1 0.4863602781314615 1
1 1 1 1 0 0 0.8565392571064796 0
1 1 1 1 0 1 0.8621407199140382 0
1 1 1 0 0 0 0.7702950490833033 0
1 1 1 1 0 0 0.2936148435131593 0
1 1 1 1 0 1 0.7688034210578504 1
1 1 1 1 0 0 0.2606583122570314 0
1 1 1 1 0 0 0.7540352933114672 2
1 1 1 0 1 0 0.9999999715827265 0
1 1 1 0 0 0 0.3923987940158363 0
1 1 1 1 1 1 0.8620246301952724 1
1 1 1 1 0 0 0.8221726980342436 0
1 1 1 1 0 0 0.5068101192724764 0
1 1 1 1 0 1 0.7113993338080457 0
1 1 1 1 0 1 0.8589399419775042 0
1 1 1 1 0 1 0.5653564301766268 0
1 1 1 1 0 1 0.588203068668892 0
1 1 1 1 1 1 0.888037770366993 0
1 1 1 1 0 0 0.6430687660494477 0
1 1 1 1 0 0 0.3164434857146662 0
1 1 1 1 0 0 0.5161530702844455 0
1 1 1 1 0 0 0.7102380436537014 0
1 1 1 1 0 0 0.6093227752931405 0
1 1 1 1 0 0 0.8729247114217696 0
1 1 1 0 0 0 0.8503668186428714 0
1 1 1 1 0 0 0.568903774485722 0
1 1 1 0 0 0 0.37517427565117206 0
1 1 1 1 0 0 0.6477889622973098 0
1 1 1 0 0 0 0.4997235108651931 0
1 1 1 1 0 1 0.8377407233421519 0
1 1 1 1 0 0 0.3175977154114875 0
1 1 1 1 0 0 0.6345392048347207 0
1 1 1 1 0 1 0.7436420009143951 0
1 1 1 1 0 0 0.7237388402171442 0
1 1 1 1 0 0 0.7909854242045401 0
1 1 1 1 0 1 0.8274452145963983 0
1 1 1 1 0 1 0.816001985182681 0
1 1 1 0 0 0 0.8761182555134586 0
1 1 1 1 0 0 0.935696630836497 0
1 1 1 1 0 1 0.5261628562149196 0
1 1 1 1 0 0 0.78539214768691 0
1 1 1 1 0 0 1.0000000011887795 0
1 1 1 1 0 0 0.6368695062369484 0
1 1 1 1 0 0 0.3800423545491292 0
1 1 1 1 0 1 0.40329970106239676 0
1 1 1 1 0 0 0.7899345100361174 0
1 1 1 1 0 0 0.621183088920234 0
1 1 1 1 0 0 0.7637296928259176 0
1 1 1 1 0 0 0.6593003540513265 0
1 1 1 1 0 1 0.7409420327534085 0
1 1 1 1 0 0 0.8253478972795122 0
1 1 1 1 0 0 0.43017347870606637 0
1 1 1 1 0 0 0.5589502354335064 0
1 1 1 1 0 0 0.760241131637275 0
1 1 1 1 0 0 0.851533598039292 0
1 1 1 1 0 0 0.7325595833348355 0
1 1 1 1 1 1 0.9999999922811673 0
1 1 1 1 0 0 0.8750289645891783 0
1 1 1 0 0 0 0.6372072678684741 2
1 1 1 1 0 0 0.8345374443070127 0
1 1 1 1 0 0 0.8146627199795108 0
1 1 1 0 0 0 0.7702885737097342 0
1 1 1 1 0 0 0.42117475934539644 0
1 1 1 0 1 0 0.9999999261129171 2
1 1 1 1 0 0 0.6988496908141117 0
1 1 1 1 0 0 0.8741894005343186 0
1 1 1 1 0 0 0.8052914760078054 0
1 1 1 1 0 0 1.000000027061661 0
1 1 1 1 0 0 0.8092285918597417 0
1 1 1 1 0 0 0.8346165203196559 0
1 1 1 1 0 0 0.8603497046071924 0
1 1 1 1 0 1 0.7970387560606313 0
1 1 1 1 0 0 0.8785483218593356 0
1 1 1 1 0 0 0.5439842552093553 0
1 1 1 1 1 1 1.0000000254390544 0
1 1 1 1 0 0 0.7678776714087692 0
1 1 1 1 0 0 0.2181569113827831 0
1 1 1 1 0 0 0.7981124695798998 0
1 1 1 1 0 0 0.6900845531433599 0
1 1 1 1 0 1 0.799858080387581 0
1 1 1 1 0 0 1.000000002650444 0
1 1 1 1 0 0 0.525739542691709 0
1 1 1 1 0 0 0.7580934250156203 0
1 1 1 1 0 0 0.5817428711639911 0
1 1 1 1 0 0 0.7415184264980967 0
1 1 1 1 0 0 0.7562143058682655 0
1 1 1 1 0 0 0.7367583627396784 0
1 1 1 1 0 0 0.3528906658731397 0
1 1 1 1 0 0 0.7899345100361174 0
1 1 1 1 1 0 0.9006310360679701 0
1 1 1 1 0 1 0.6958966683180946 0
1 1 1 1 0 1 0.833206706673921 2
1 1 1 1 0 0 0.2989918752756748 0
1 1 1 1 0 0 0.7174821966527557 0
1 1 1 1 0 0 0.8446380338226822 0
1 1 1 1 0 0 0.8193974533759344 0
1 1 1 1 0 0 0.4994855907371181 0
1 1 1 1 0 0 0.7741723106289752 0
1 1 1 1 0 0 0.7799750975944217 0
1 1 1 1 0 1 0.8441304977969738 0
1 1 1 1 0 0 0.5014725909213922 0
1 1 1 1 0 1 0.5187528617664007 0
1 1 1 1 0 0 0.8723237935592537 0
1 1 1 0 0 0 0.8679679245651808 2
1 1 1 1 0 0 0.5715829086093029 0
1 1 1 1 0 0 0.691660415236763 0
1 1 1 1 0 1 0.8745400557698574 0
1 1 1 1 0 0 0.6432711642297728 0
1 1 1 1 0 0 0.7781281789122917 0
1 1 1 1 0 0 0.9999999245766222 0
1 1 1 1 0 0 0.6231606777739178 0
1 1 1 1 0 0 0.9999999112849401 2
1 1 1 1 0 0 0.657170599476916 0
1 1 1 1 0 0 0.7639552953892353 0
1 1 1 1 0 0 0.7530386764297877 0
1 1 1 0 0 0 0.7063303000886637 0
1 1 1 1 0 0 0.8532431141273672 0
1 1 1 1 0 0 0.7865988096498254 0
1 1 1 1 0 1 0.7830007141332644 0
1 1 1 1 0 0 0.5825238293430146 0
1 1 1 1 0 1 0.5344618606869543 0
1 1 1 1 0 0 0.743999347215884 0
1 1 1 1 0 0 0.729809762869349 0
1 1 1 1 0 0 0.5187618642224372 0
1 1 1 0 0 0 1.0000000312610722 0
1 1 1 1 0 1 0.8392275871352598 0
1 1 1 1 0 0 0.4436987015642723 0
1 1 1 1 0 0 0.7331828656831519 0
1 1 1 1 0 1 0.384144895656946 0
1 1 1 1 0 0 0.2633300188484407 0
1 1 1 1 0 0 0.7610248366429153 0
1 1 1 1 0 0 0.7515861208093112 0
1 1 1 1 0 0 0.8416348050395407 0
1 1 1 1 0 0 0.7845511098773038 0
1 1 1 1 0 0 0.6198287125051357 0
1 1 1 1 0 0 0.7681267828496211 0
1 1 1 1 0 0 0.6698651749005856 0
1 1 1 1 0 0 0.7667039979036432 0
1 1 1 1 0 1 0.80912146496782 0
1 1 1 1 0 0 1.0000000254390544 0
1 1 1 1 0 0 0.559965419433113 0
1 1 1 1 0 1 0.8486387164040933 0
1 1 1 1 0 0 0.9999999676764537 0
1 1 1 1 0 0 0.6655995459215613 0
1 1 1 1 0 0 0.39429098668820955 0
1 1 1 1 1 0 0.9999999995637883 2
1 1 1 0 0 0 0.8678520618387312 0
1 1 1 1 0 0 0.5174309619185268 0
1 1 1 1 0 0 0.8426744460376446 2
1 1 1 1 0 0 0.47535520156547295 0
1 1 1 1 0 0 0.8653737307680712 0
1 1 1 1 0 0 0.7892213840175887 0
1 1 1 1 0 0 0.28967727353710004 0
1 1 1 1 0 0 0.8657077942495618 0
1 1 1 1 0 1 0.36757305776508775 0
1 1 1 1 0 0 0.7356893997088145 0
1 1 1 1 0 0 0.6433404954270551 0
1 1 1 1 0 1 0.78911512320244 0
1 1 1 0 0 0 0.779241303622897 0
1 1 1 1 0 0 1.0000000353603435 2
1 1 1 1 0 0 0.9999998962489621 0
1 1 1 0 0 0 0.7887651075447872 0
1 1 1 1 0 0 0.7217873277453365 0
1 1 1 1 0 0 0.8494962226564292 0
1 1 1 1 1 0 0.7415869112113079 2
1 1 1 1 0 1 0.8173119046562706 0
1 1 1 1 0 0 0.40927183977073256 0
1 1 1 1 0 1 0.8288612234134701 0
1 1 1 1 0 1 0.9999999415681936 2
1 1 1 1 0 0 0.8627686086835162 0
1 1 1 1 0 0 0.7999070890421959 0
1 1 1 1 0 1 0.9072162608210765 0
1 1 1 1 0 0 0.7122534062851401 0
1 1 1 1 0 1 1.000000059914816 0
1 1 1 1 0 0 0.26040607466272053 0
1 1 1 1 0 0 0.799406139710752 0
1 1 1 1 0 0 0.7538937408038153 0
1 1 1 1 0 0 0.8540812092372954 0
1 1 1 0 0 0 0.8650480100035229 0
1 1 1 1 0 0 0.8147377669710217 0
1 1 1 1 0 0 0.755156957883337 0
1 1 1 1 0 0 0.7816961149875021 0
1 1 1 1 0 1 0.7249689772639673 2
1 1 1 1 0 0 0.6797439217471796 0
1 1 1 1 0 0 0.8166520236284903 0
1 1 1 1 0 0 0.7382529393314916 0
1 1 1 1 0 0 0.7953304641814984 0
1 1 1 1 0 0 0.8660298801497507 0
1 1 1 0 1 0 0.8990985307725389 0
1 1 1 1 0 0 0.8170288104996123 0
1 1 1 1 0 0 0.8655786637152666 0
1 1 1 1 0 1 0.406367492063525 0
1 1 1 1 0 0 0.7811868324798658 0
1 1 1 1 0 1 0.410982098626075 0
1 1 1 1 0 0 0.3825366095900654 0
1 0 1 1 0 0 0.5085863758636088 2
1 1 1 1 0 1 0.5853221546661167 0
1 1 1 1 0 0 0.5451672743434001 0
1 1 1 1 0 0 0.7541910841960671 0
1 1 1 1 0 1 0.448058219070469 0
1 1 1 1 0 0 0.7357211541844564 0
1 1 1 0 0 0 0.33644816262243443 0
1 1 1 1 0 0 0.4879915416896736 0
1 1 1 1 0 0 0 0
1 1 1 0 0 0 0.43366273245457554 0
1 1 1 1 0 0 0.7093112586784402 0
1 1 1 1 0 0 0.5869490939897232 0
1 1 1 1 0 0 0.8351160811613316 0
1 1 1 1 0 0 0.6669480685517056 0
1 1 1 1 0 0 0.7225296400424186 0
1 1 1 1 0 0 0.6897746319587417 0
1 1 1 1 0 0 0.5533726695283271 0
1 1 1 1 0 0 0.560173403175973 0
1 0 1 1 0 0 0.5085863758636088 0
1 1 1 1 0 0 0.881915214719452 0
1 1 1 1 0 1 0.31286519996046047 0
1 1 1 0 0 0 0.9999999833980892 2
1 1 1 1 0 0 0.4386616502422297 0
1 1 1 0 0 0 0.510892361907985 2
1 1 1 0 0 0 0.6616459187356217 0
1 1 1 1 0 0 0.47205333527024695 0
1 1 1 1 0 0 0.4879915416896736 0
1 1 1 1 0 0 0.7918908790182188 0
1 1 1 1 0 0 0 2
1 1 1 1 0 0 0.6330654086596694 0
1 1 1 1 0 0 0.8466258517697478 0
1 1 1 1 1 0 0 0
1 1 1 1 0 0 0.8369917760536558 0
1 1 1 1 0 0 0.6537683125897226 0
1 1 1 0 1 0 0.7906437345225392 2
1 1 1 1 0 0 0.4700395428612382 0
1 1 1 1 0 1 0.8374712150908027 0
1 1 1 1 0 0 0.787870344216199 0
1 1 1 1 1 1 0.8300950786721726 0
1 1 1 1 0 1 0.7646774735072639 0
1 1 1 0 0 0 0.5128418160158751 0
1 0 1 0 0 0 0.5565918997902354 2
1 1 1 1 0 0 0.8613622657241375 0
1 1 1 1 0 0 0.6748542414712757 0
1 1 1 1 1 1 0.7156224998404624 0
1 1 1 1 0 1 0.7156224998404624 0
1 1 1 1 0 0 0.8821064147011614 0
1 1 1 1 0 0 0.8887744189688259 0
1 1 1 1 0 0 0.7498435318623247 0
1 1 1 1 0 0 0.8125446482182117 0
1 1 1 1 0 0 0.6948192654878109 0
1 1 1 1 0 0 0.749753493979331 0
1 1 1 1 0 1 0.8374712150908027 0
1 1 1 0 0 0 0.7696864389382794 0
1 1 1 1 0 0 0.8392851692562583 0
1 1 1 1 0 0 0.9135639094737258 0
1 1 1 1 0 0 0.7577299350192017 0
1 1 1 1 0 0 0.9058828566362327 0
1 1 1 1 0 0 0.5514194041963844 0
1 1 1 1 0 0 0.8138217066419902 0
1 1 1 0 0 0 0.6695322480927873 0
1 1 1 1 0 0 0.7058852293683074 0
1 1 1 1 0 0 0.8177748317394833 0
1 1 1 1 0 0 0.5126598826712991 0
1 1 1 1 0 0 0.766887607626657 0
1 1 1 1 0 0 0.7780749102260761 0
1 1 1 1 0 1 0.8497567884982958 0
1 1 1 1 0 0 0.7342374875880459 0
1 1 1 1 0 0 0.5215927457946647 0
1 1 1 1 0 1 0.8099539052253151 0
1 1 1 1 0 0 0.7994594456272274 0
1 1 1 1 0 0 0.534548707848531 0
1 1 1 1 0 0 0.5488801063601079 0
1 1 1 1 0 0 0.9999999475021897 0
1 1 1 0 0 0 0.5341510161928161 0
1 1 1 1 0 0 0.7904650490756971 0
1 1 1 1 0 0 0.8154936931083169 0
1 1 1 1 0 1 0.8758681601721591 0
1 1 1 1 0 0 0.7256758190684616 0
1 1 1 1 0 0 0.7056577237838236 0
1 1 1 1 0 0 0.8259799590279998 0
1 1 1 1 0 0 0.7282421599705621 0
1 1 1 1 0 1 0.6866609680715625 0
1 1 1 1 0 0 0.7639552953892353 0
1 1 1 1 0 0 0.6341788158667001 0
1 0 1 1 0 0 0.5085863758636088 0
1 1 1 1 0 1 0.6527450976902864 0
1 1 1 1 0 0 0.266669527227332 0
1 1 1 1 0 0 0.47219107529857324 0
1 1 1 1 0 0 0.7592181987040342 0
1 1 1 0 0 0 1.0000000424853226 0
1 1 1 1 0 0 0.7160414346532638 0
1 1 1 1 0 0 0.8001034013759616 0
1 1 1 1 0 0 0.84065150426068 0
1 1 1 1 0 1 0.4779834155630213 0
1 1 1 1 0 1 0.46962045074076303 0
1 1 1 1 0 0 0.40829387116325044 0
1 1 1 0 0 0 0.49331440172012 0
1 1 1 1 0 0 0.3723797950979343 0
1 1 1 1 0 1 0.21879211600959625 0
1 1 1 1 0 0 0.7065938505164329 0
1 1 1 1 0 0 0.6811146428520617 0
1 1 1 1 0 0 0.35736538801533463 0
1 1 1 1 0 0 0.5645160806742044 0
1 0 1 1 0 1 0.6377538625523269 2
1 1 1 1 0 0 0.7631281747418884 0
1 1 1 1 0 1 0.8828927900030256 0
1 1 1 1 0 0 0.48629724338821634 0
1 1 1 1 0 0 0.4612571913817795 0
1 1 1 1 0 0 0.6741539465623839 0
1 1 1 1 0 0 0.7918956278840413 0
1 1 1 1 0 0 0.8388993957189375 0
1 1 1 1 0 0 0.5348325890546775 0
1 1 1 0 0 0 0.3531952153910931 0
1 1 1 0 1 0 0.9632056721343685 0
1 1 1 1 0 0 0.8338888181914597 0
1 1 1 1 0 0 0.8199143715266125 0
1 1 1 1 0 0 0.824955314793445 0
1 1 1 0 0 0 0.8154143363932322 2
1 1 1 1 0 1 0.611053544905918 0
1 1 1 1 0 0 0.834740396330765 2
1 1 1 1 0 1 0.8290498246328647 0
1 1 1 1 0 0 0.8424825068669503 0
1 1 1 1 0 1 0.7735580361232649 0
1 1 1 1 0 0 0 0
1 1 1 1 0 0 0.8508117986914409 0
1 1 1 1 0 0 0.7711565269932326 0
1 1 1 1 0 1 0.8342384213174405 0
1 1 1 1 0 0 0.6744561941476218 0
1 1 1 0 0 0 0.8408345777369437 2
1 1 1 1 0 0 0.6751364689145565 2
1 1 1 0 1 0 0.7228510274182335 2
1 1 1 1 0 0 0.8222606536639833 0
1 1 1 1 1 0 0.853472464517931 0
1 1 1 1 0 0 0.4103431053090377 0
1 1 1 1 0 0 0.7972372621251037 0
1 1 1 1 0 0 0.8223118948975285 0
1 1 1 1 0 0 0.6508577922873592 0
1 1 1 1 0 1 0.8716731236399301 0
1 1 1 1 0 0 0.8939202224983603 0
1 1 1 0 0 0 0.9999999741057096 0
1 1 1 0 0 0 0.7206084183584602 0
1 1 1 1 0 0 0.5638419836541237 0
1 1 1 1 0 0 0.8657231131034735 0
1 1 1 0 0 0 0.9062604385457811 0
1 1 1 1 0 0 0.37311925789697425 0
1 1 1 0 0 0 0.38262799372423806 0
1 1 1 1 0 0 0.8442403896885724 0
1 1 1 1 0 0 0.7577538019504629 0
1 1 1 1 0 1 0.8355545225039025 0
1 1 1 1 0 1 0.7338190577373036 0
1 1 1 1 0 0 0.6401311569676212 0
1 1 1 1 0 0 0.4006497805366282 0
1 1 1 1 0 0 0.6421806884981277 0
1 1 1 1 0 0 0.8475527112265452 0
1 1 1 0 0 0 0.6618194752789658 0
1 1 1 1 0 1 0.8464153724649048 0
1 1 1 1 0 0 0.4823433468825082 0
1 1 1 0 0 0 0.8374428196661098 0
1 1 1 1 0 0 0.6146066975445026 0
1 1 1 0 0 0 0.32968488412865293 2
1 1 1 1 0 0 0.4104779122177743 0
1 1 1 1 0 0 0.7473029993544446 2
1 1 1 1 0 0 0.7010567804849519 0
1 1 1 1 0 1 0 2
1 1 1 0 0 0 0.832961674400361 0
1 1 1 1 0 0 0.820543419635333 2
1 1 1 1 0 0 0.7880645599355733 0
1 1 1 1 0 0 0.7496573445994292 0
1 1 1 0 0 0 0.772367592596292 0
1 1 1 1 0 0 0.780693700101911 0
1 1 1 1 0 0 0.8583752772998601 0
1 1 1 1 0 1 0.6845810591992294 0
1 1 1 1 0 1 0.521102987528743 2
1 1 1 1 0 0 0.21932134609217224 0
1 0 1 1 0 1 0.5524850874134151 0
1 1 1 0 0 0 0.7373810443116877 0
1 1 1 1 0 0 0.46378616944937456 0
1 1 1 1 0 0 0.8483158966783524 0
1 1 1 1 0 0 0.7051891808958379 0
1 1 1 1 0 0 0.780260034128117 0
1 1 1 1 0 0 0.8859678644614625 2
1 1 1 1 0 0 0.8859678644614625 2
1 1 1 1 0 0 0.6848259254103904 0
1 1 1 1 0 0 0.8354910821684625 0
1 1 1 1 0 0 0.7975854071463406 0
1 1 1 1 0 1 0.8165965629393024 0
1 1 1 1 0 0 0.871019900063506 0
1 1 1 1 0 0 0.6884779717764669 0
1 1 1 1 0 0 0.3107321818892491 0
1 1 1 1 0 0 0.7655222753075787 0
1 1 1 1 0 0 0.4448876526637729 0
1 1 1 1 0 1 0.8308730404379444 0
1 1 1 1 0 0 0.999999980414871 0
1 1 1 1 0 1 0.5462958617167087 0
1 1 1 1 0 1 0.7404974192766001 0
1 1 1 1 0 1 0.1913614919531194 0
1 1 1 1 0 0 1.000000057553951 0
1 1 1 1 0 1 0.8586748079079808 0
1 1 1 1 0 0 0.7432071131238172 0
1 1 1 1 0 0 0.689338597063474 0
1 1 1 1 0 0 0.4461951253965811 0
1 1 1 0 0 0 0.8215667292184257 0
1 1 1 1 0 0 0.18811341337512458 0
1 1 1 0 0 0 0.8593290286716537 0
1 1 1 1 0 0 0.8018207439408894 0
1 1 1 1 1 0 0.8843678354496416 0
1 1 1 1 0 0 0.7927677881636289 0
1 1 1 1 0 0 0 0
1 1 1 1 0 1 0.7936926032644416 0
1 1 1 0 0 0 0.8441169433108527 2
1 1 1 1 1 0 0.8808513661996499 0
1 1 1 1 0 0 0.765099211398516 0
1 1 1 1 0 0 0.89796934277908 0
1 1 1 1 0 0 0.7782829933221352 0
1 1 1 1 0 0 0.7836935747019097 0
1 1 1 1 0 0 0.6617278272430708 0
1 1 1 1 0 0 0.6413664993670254 0
1 1 1 1 0 0 0.32558605791583645 0
1 1 1 1 0 0 0.7717819433962911 0
1 1 1 1 0 0 0.5842610454397607 0
1 1 1 1 0 0 0.7787358661437409 0
1 1 1 1 0 0 0.43988688311722196 0
1 1 1 1 0 0 0.7012494552672599 0
1 1 1 1 0 0 1.0000000288615727 0
1 1 1 1 0 0 0.7589401769530323 0
1 1 1 1 1 0 0.8887013650068208 0
1 1 1 1 0 1 0.6207305988307007 0
1 1 1 1 0 0 0.7170117518115046 0
1 1 1 1 0 1 0.743653956221431 0
1 1 1 1 0 0 0.850617045103486 0
1 1 1 1 0 0 0.8375120753516668 0
1 1 1 1 0 0 0.8272135355186238 0
1 1 1 1 0 0 0.6329389838634172 0
1 1 1 1 0 0 0.780689671509487 0
1 1 1 1 0 0 0.7653244712531285 0
1 1 1 1 0 0 0.462406544092225 0
1 1 1 1 0 0 0 0
1 1 1 1 0 0 0.8780703826217293 0
1 1 1 1 0 0 0.8532832644640478 0
1 1 1 1 0 1 0.8104435045951268 0
1 1 1 1 1 0 0.8221961959707674 0
1 1 1 1 0 0 0.7188462732440773 0
1 1 1 1 0 1 0.8846615749969076 0
1 1 1 1 0 0 0.8029924867696043 0
1 1 1 1 0 0 1.000000000806862 0
1 1 1 1 0 1 0.6259181770815914 0
1 1 1 0 0 0 0.5310159337116839 0
1 1 1 1 0 1 0.3988581354668429 0
1 1 1 0 1 0 0.8930116753751394 2
1 1 1 1 0 1 0.8818398080629156 0
1 1 1 1 0 1 0.7940528320147511 0
1 1 1 1 0 0 1.0000000530643127 0
1 1 1 1 0 1 0.5505866279130321 0
1 1 1 0 0 0 0.42156368876519923 2
1 1 1 1 0 0 0.3607320579453503 0
1 1 1 1 0 0 0.8255489204800697 0
1 1 1 1 1 0 0.8075429363206013 2
1 1 1 1 0 0 0.5018594756543768 0
1 1 1 1 0 0 0.7961842356939851 0
1 1 1 1 0 0 0.8984890288756152 0
1 1 1 1 0 0 0.8381201498745362 0
1 1 1 1 0 0 0.6460303207052671 0
1 1 1 1 0 0 0.7720347933402039 0
1 1 1 1 0 0 0.7338625241721857 0
1 1 1 1 0 0 0.7702598577028275 0
1 1 1 1 0 0 0.8092285918597417 0
1 1 1 0 0 0 0.7607632347644867 2
1 1 1 0 0 0 0.7979052679733288 2
1 1 1 1 0 0 0.7120971410580736 0
1 1 1 1 0 0 0.7437660771433707 0
1 1 1 1 0 0 0.9999999726310533 0
1 1 1 1 0 0 0.5349872381547347 0
1 1 1 0 0 0 0.5368268742451322 0
1 1 1 1 0 0 0.3660560793737207 0
1 1 1 1 0 1 0.6462571512870916 0
1 1 1 1 0 0 0 2
1 1 1 1 0 0 0.7308121404545762 2
1 1 1 1 0 1 0.4465456886328011 0
1 1 1 1 0 1 0.6914528807918068 0
1 1 1 1 0 1 0.410659881977904 0
1 1 1 1 0 0 0.7780107856482851 0
1 1 1 1 0 0 0.6075721232084013 0
1 1 1 1 0 0 0.8266287887247233 0
1 1 1 1 0 1 0.8112006880793375 0
1 1 1 1 0 1 0.8683143110171805 0
1 0 1 1 0 0 0.5085863758636088 0
1 1 1 1 0 0 1.0000000006376315 0
1 1 1 0 0 0 0.6341788158667001 0
1 1 1 1 0 0 0.6649435447572165 0
1 1 1 1 0 1 0.7909500291418108 0
1 1 1 1 0 1 0.8295453533349522 0
1 1 1 1 0 0 0.7857503472672644 0
1 1 1 0 0 0 0.7079213140604035 2
1 1 1 1 0 0 0.6695322480927873 0
1 1 1 0 0 0 0.7652893263794315 0
1 1 1 1 0 1 0.7776013076141821 2
1 1 1 1 0 0 0.7891929387316077 0
1 1 1 1 1 0 0.9084936006097614 0
1 1 1 1 0 0 0.8234734631989894 0
1 1 1 1 0 0 0.5136211705195525 0
1 1 1 1 0 0 0 2
1 1 1 1 0 0 0.8536820157754956 0
1 1 1 1 0 0 0.8135428376805496 0
1 1 1 1 0 1 1.0000000063800127 0
1 1 1 1 0 0 0.8764128826567539 0
1 1 1 1 0 1 0.8348746290921649 0
1 1 1 0 0 0 0.4979746161932924 0
1 1 1 1 0 0 0.7452648317426519 0
1 1 1 1 0 0 0.6628857573680924 0
1 1 1 0 0 0 0.7672392973223938 0
1 1 1 1 0 0 0 0
1 1 1 0 0 0 0.9236773240743816 0
1 1 1 1 0 0 0.8566535577888604 0
1 1 1 1 0 0 0.35248312764693573 0
1 1 1 1 0 0 0.5071076707145352 0
1 1 1 1 0 0 0.2905747381018567 0
1 1 1 1 0 0 0.2845154915306738 0
1 1 1 1 0 0 0.3071641842748006 0
1 1 1 1 0 0 0.4217524684305609 0
1 1 1 1 0 0 0.853238711230068 0
1 1 1 1 0 0 0.7736040732390729 0
1 1 1 1 0 1 0.9999999947526702 2
1 1 1 1 0 0 0.7062809284025917 0
1 1 1 1 0 0 0.9999999225894516 0
1 1 1 1 1 0 0.8837357920246383 0
1 1 1 1 0 0 0.7752084158878695 0
1 1 1 1 1 1 0.8618303322971592 0
1 1 1 1 0 0 0.763392677797843 0
1 1 1 1 0 0 0.47280233747955486 0
1 1 1 1 0 0 0.8578596001105819 0
1 1 1 0 0 0 0.8888499493718215 2
1 1 1 1 0 1 0.7866439604103026 0
1 1 1 1 0 0 0.8000023398622261 0
1 1 1 1 0 0 0.3361777946980681 0
1 1 1 1 0 0 0.6654091397288644 0
1 1 1 0 0 0 0.8075495315757171 2
1 1 1 1 0 0 0.8567357225521081 0
1 1 1 1 0 0 0.8837100113413047 0
1 1 1 1 0 0 0.7692748465324186 0
1 1 1 1 0 0 0.41983867185110213 0
1 1 1 1 0 0 0.7640368953852372 0
1 1 1 1 0 0 0.8363940975496909 0
1 1 1 1 0 0 0.7712212334187355 0
1 1 1 1 0 0 0.7943474543482514 0
1 0 1 1 0 0 0.6385471453598006 0
1 1 1 0 0 0 0.9059489133812411 0
1 1 1 0 0 0 0.8588700362896519 0
1 1 1 1 0 0 0.7836115802565117 0
1 1 1 1 0 1 0.4696356950494935 0
1 1 1 1 0 0 0.6707381540338184 0
1 1 1 1 0 0 0.44306598968835076 0
1 1 1 1 0 0 0.7575183282054878 0
1 1 1 1 0 0 0.8194690450274265 0
1 1 1 0 0 0 0.4269466822146507 0
1 1 1 1 0 0 0.8100685960318751 0
1 1 1 1 0 1 0.7019677883717277 0
1 1 1 1 0 0 0.4282682112638779 0
1 0 1 1 0 0 0.3424374660933774 0
1 1 1 0 0 0 0.8469942143192546 2
1 1 1 1 0 1 0.6188963601301777 0
1 1 1 1 0 0 0.9999999546101451 0
1 1 1 1 0 0 0.7283922310097929 0
1 1 1 1 0 0 0.39521674418147845 2
1 1 1 1 0 0 0.6097920816725498 0
1 1 1 1 0 1 0.47944970841824797 0
1 1 1 1 0 0 0.8590633095487765 2
1 1 1 1 0 1 0.8121143448163439 0
1 1 1 0 0 0 0.6118613437763419 2
1 1 1 0 0 0 0.8509085154008476 0
1 1 1 1 0 0 0.6959160694360597 0
1 1 1 1 0 0 0.7804765676670231 0
1 1 1 1 0 0 0.8603684488361136 0
1 1 1 1 0 0 0.6657277447707403 0
1 1 1 1 0 0 0.7927669227498303 0
1 1 1 1 0 0 0.7709411070664658 0
1 1 1 1 0 0 0.8358209626738271 2
1 1 1 1 0 0 0.7374838507541056 0
1 1 1 1 0 0 0.8346330600075859 0
1 1 1 0 0 0 0.8768100829678434 0
1 1 1 0 0 0 0.8379945301470308 0
1 1 1 1 0 0 0.813414302765555 0
1 1 1 1 0 0 0.5428782861075367 0
1 1 1 1 0 0 0.47264906218858727 0
1 1 1 0 0 0 0.26995452852320784 0
1 1 1 1 0 0 0.2651783712905895 0
1 1 1 1 0 0 0.8365107584611424 0
1 1 1 1 0 0 0.716358912938666 0
1 1 1 1 0 0 0.7226080431588319 0
1 1 1 1 0 0 0.43360695586916975 0
1 1 1 1 0 0 0.8479866939148413 0
1 1 1 1 0 0 1.0000000530643127 0
1 1 1 1 0 0 0.7015246052498344 0
1 1 1 1 0 0 0.693634612185245 0
1 1 1 1 0 0 0.7054094768446557 0
1 1 1 1 0 0 0.2874560775367837 0
1 1 1 1 0 0 0.798151583942243 0
1 1 1 1 0 0 0.7795163091753611 0
1 1 1 0 0 0 0.8396534195172236 0
1 1 1 0 0 0 0.3996300511938552 0
1 1 1 1 0 0 0.3536511838809104 0
1 1 1 1 0 0 0.6592251815724556 0
1 1 1 1 0 0 0.3603222336881321 0
1 1 1 1 0 0 0.69676476530222 0
1 1 1 1 0 0 0.5774593786550286 0
1 1 1 0 0 0 0.8288254063659769 2
1 1 1 1 0 0 0.8807087993071321 0
1 1 1 1 1 0 0.8683552037556441 0
1 1 1 1 0 0 0.5589061017554007 0
1 1 1 0 0 0 1.0000000254390544 0
1 1 1 1 0 0 0.758691711815747 0
1 1 1 1 0 0 0.8435590438538155 0
1 1 1 1 0 1 0.877828393071535 0
1 1 1 1 0 0 0.6562637930286515 0
1 1 1 1 0 0 0.7539529041201212 0
1 1 1 1 0 1 0.7593986423357675 0
1 1 1 1 0 1 0.8460496921840363 0
1 1 1 1 0 0 0.8343998336256576 0
1 1 1 1 0 0 0.6721469084669656 0
1 1 1 1 0 0 0.6526153456415676 0
1 1 1 1 0 0 0.4784645799046639 0
1 1 1 1 0 1 0.6650732072271778 0
1 1 1 1 0 0 0.5918456005696673 0
1 1 1 1 0 0 0.7711921689910599 0
1 1 1 0 0 0 1.0000000088743963 0
1 1 1 1 0 0 0.6663203570334962 0
1 1 1 1 0 0 0.7880924201962485 0
1 1 1 1 0 1 0.8355243981042709 0
1 1 1 1 0 0 0.7627624235881754 0
1 1 1 1 0 0 0.7481112123766683 0
1 1 1 1 0 1 0.8410631342476669 0
1 1 1 1 0 0 0.7383906310418469 0
1 1 1 1 0 1 0.7667191778502068 0
1 1 1 1 0 0 0.8744774540113011 0
1 1 1 1 0 0 0.397094505535241 0
1 1 1 1 0 0 0.4180880733460788 0
1 1 1 1 0 0 0.6559007532177262 0
1 1 1 1 0 0 0.7173576722765986 0
1 1 1 1 0 1 0.8612408262292779 2
1 1 1 1 0 0 0.664509484100641 0
1 1 1 1 0 0 0.6508960818525783 0
1 1 1 1 0 0 0.5680675486374142 0
1 1 1 1 0 1 0.7138313580888358 0
1 1 1 1 1 1 0.9023472095930999 2
1 1 1 0 0 0 1.0000000202911188 0
1 1 1 1 0 0 0.6518179615960799 0
1 1 1 1 0 0 0.8544052796110189 0
1 1 1 1 0 0 0.9999999603127934 0
1 1 1 1 0 1 0.7171602545668584 0
1 1 1 1 0 0 0.8011462125584239 0
1 1 1 1 0 0 0.7467160973840481 0
1 1 1 1 0 0 0.7455155068895727 0
1 1 1 1 0 0 0.7158833752067901 2
1 1 1 1 0 0 0.8455384780933254 2
1 1 1 1 0 0 0.4104779122177743 0
1 1 1 1 0 1 0.42843349284027415 0
1 1 1 1 0 0 0.7226316906021956 0
1 1 1 0 0 0 0.6403071638904142 0
1 1 1 1 0 0 0.751552120340189 0
1 1 1 1 0 0 0.8244062537684953 0
1 1 1 1 0 0 0.3893328589003813 0
1 1 1 1 0 0 0.8181019783902559 0
1 1 1 1 0 0 0.7602196071989534 0
1 1 1 1 0 0 0.8453225830926276 0
1 1 1 1 0 0 0.7115792387365294 0
1 1 1 1 0 1 0.47095503387325643 0
1 1 1 1 0 0 0.8803895436893387 0
1 1 1 0 0 0 0.9152520967773982 0
1 1 1 1 0 0 0.48629724338821634 0
1 1 1 1 0 1 0.8386615124656176 0
1 1 1 1 0 0 0.4336711824494033 2
1 1 1 0 0 0 0.8545069948150548 0
1 1 1 1 0 0 0.8448330852234078 0
1 1 1 1 0 1 1.0000000048944748 0
1 1 1 1 1 1 0.8234770200092333 2
1 1 1 1 0 0 0.5666298557331312 0
1 1 1 1 1 1 1.000000085877932 2
1 1 1 1 0 0 0.6628943260563657 0
1 1 1 1 0 0 0.8605397874359899 0
1 1 1 1 0 0 0.47043734541904697 0
1 1 1 1 0 0 0.8209535751222241 2
1 1 1 1 0 0 0.48349833091851885 0
1 1 1 1 0 0 0.6584626059173327 0
1 1 1 1 1 0 0.9999999695144983 0
1 1 1 1 0 0 0.8375866636284625 0
1 1 1 1 0 0 0.55479131795855 0
1 1 1 1 0 0 0.5501379161731315 0
1 1 1 1 0 0 0.8653732471160874 0
1 1 1 1 0 0 0.35495517408924354 0
1 1 1 1 0 0 0.6744765161822202 0
1 1 1 1 0 1 0.38192010983391206 0
1 1 1 0 0 0 0.8829727397165175 0
1 1 1 1 0 0 0.7179655172110501 0
1 1 1 0 0 0 0.7479310030757457 0
1 1 1 1 0 1 0.8592655121682242 0
1 1 1 1 0 1 0.7759558470069332 0
1 1 1 0 0 0 0.8843729917267957 0
1 1 1 1 0 0 0.5286898669897018 0
1 1 1 1 0 0 1.0000000254390544 0
1 1 1 1 0 0 0.6491519369077207 0
1 1 1 0 0 0 0.8145580893741156 0
1 1 1 1 0 0 0.8306181089824144 0
1 1 1 1 1 0 1.0000000537966518 0
1 1 1 1 0 0 0.5651573699744912 2
1 1 1 1 0 0 0.7166519395510835 0
1 1 1 1 0 1 0.9235340323276952 0
1 1 1 1 0 0 0.7049898241567059 0
1 1 1 1 0 0 0.6641123290634757 0
1 1 1 1 0 1 0.8273505034696514 0
1 1 1 1 0 0 0.5775120788129594 0
1 1 1 1 0 0 0.8737686987732179 0
1 1 1 1 0 0 0.8127894794011767 0
1 1 1 1 0 0 0.4977791764262008 0
1 1 1 1 0 0 0.7926915002632373 0
1 1 1 0 0 0 0.8637970713938063 0
1 1 1 1 0 0 0.8121341240251899 0
1 1 1 1 0 0 0.6859780068833541 0
1 1 1 1 0 0 0.7758254815271535 0
1 1 1 1 1 1 1.0000000698150733 0
1 1 1 1 0 0 0.8520271311844276 0
1 1 1 1 0 0 0.4277832530499118 0
1 1 1 1 0 0 0.739090181943696 0
1 1 1 0 0 0 0.6713511068440442 0
1 1 1 1 0 1 0.9999999947361742 0
1 1 1 0 0 0 0.5931798374343239 0
1 1 1 1 0 0 0.7554746761469424 0
1 1 1 1 0 0 0.6816396714363356 0
1 1 1 1 0 0 0.7594063098087344 0
1 1 1 1 0 0 0.7704898961008406 0
1 1 1 1 0 0 0.865814928899297 2
1 1 1 1 0 0 0.7780369570745925 0
1 1 1 1 0 0 0.7125964228575168 0
1 1 1 1 0 1 0.762997837638765 0
1 1 1 1 0 0 0.6345697417646621 0
1 1 1 1 0 0 0.65636691223613 0
1 1 1 0 0 0 0.7607502897011579 0
1 1 1 1 0 0 0.8159941017577955 0
1 1 1 1 0 0 0.7804626780498171 0
1 0 1 1 0 0 0.5379075552211666 0
1 1 1 1 0 0 0.7456930316018056 0
1 1 1 1 0 0 0.6357824260670991 0
1 1 1 1 0 0 0.7076643136675608 0
1 1 1 1 0 0 0.7475505186441765 0
1 1 1 0 0 0 0.7661263211303885 0
1 1 1 1 0 1 0.6775368784892308 0
1 1 1 1 0 1 0.7043498389103279 0
1 1 1 1 0 0 0.8681015886102315 0
1 1 1 1 0 0 0.6868325242963143 0
1 1 1 1 0 0 0.781936333920697 0
1 1 1 1 0 0 0.897434277709113 2
1 1 1 1 0 0 0.5918940668960703 0
1 1 1 1 0 0 0.7278736836182682 0
1 1 1 1 0 0 0.6914467504911157 0
1 1 1 1 0 0 0.4979959806850136 0
1 1 1 1 0 0 0.6586304422579273 0
1 1 1 1 1 0 0.8280820891371242 2
1 1 1 1 0 1 0.6590699747486977 0
1 1 1 1 0 0 0.8474545216243548 0
1 1 1 1 0 0 0.43972337332494577 0
1 1 1 1 0 0 0.41117417362694564 0
1 1 1 1 0 0 0.7647499445489768 0
1 1 1 1 0 0 0.7894626922263084 0
1 1 1 1 0 0 0.7717961533767008 0
1 1 1 1 0 1 0.8559835381354657 0
1 1 1 1 0 0 0.8457876820822747 0
1 1 1 1 0 0 0.8298881867006579 0
1 1 1 1 0 0 0.764619267251933 0
1 1 1 1 0 0 0.7519588630903125 2
1 1 1 1 1 0 0.9999999268702594 0
1 1 1 1 0 0 0.7859007056510493 0
1 1 1 0 0 0 0.8191493612198124 2
1 1 1 1 0 1 0.7296937715616134 0
1 1 1 1 0 0 0.8459320627835811 0
1 1 1 1 0 0 0.7683909650493852 0
1 1 1 0 0 0 0 0
1 1 1 0 0 0 0.8130455514238137 2
1 1 1 1 0 0 0.8318862225664944 0
1 1 1 1 0 1 0.8328040382291271 0
1 1 1 1 0 1 0.7522756288158535 0
1 1 1 0 0 0 0.8599303522774109 0
1 1 1 1 0 0 0.99999994890797 0
1 1 1 1 0 1 0.7758827052699122 0
1 1 1 1 0 0 0.9001198264966133 0
1 1 1 1 0 0 0.8387483465664134 0
1 1 1 0 0 0 0.8786949920498122 0
1 1 1 1 0 0 0.5403776317069171 0
1 1 1 1 0 0 0.5015508280913212 0
1 1 1 1 0 0 0.6466271560441018 0
1 1 1 0 1 0 0.8039285953504025 0
1 1 1 1 0 0 0.6581742420248101 0
1 1 1 1 0 0 0.3538414017574338 0
1 1 1 1 0 0 0.5827770132239707 0
1 1 1 0 0 0 0.8200103235845217 0
1 1 1 0 0 0 0.7559183240772575 0
1 1 1 1 0 0 0.8478109877428226 0
1 1 1 1 0 0 0.8241406174832511 2
1 1 1 1 0 0 0.8511670842487408 0
1 1 1 1 0 0 0.7911034424883099 2
1 1 1 1 0 0 0.8034860080819346 0
1 1 1 1 0 0 0.999999999285219 2
1 1 1 1 0 0 0.32145343165928536 0
1 1 1 1 0 1 1.0000000391958668 0
1 1 1 1 0 0 0.4138489956529916 0
1 1 1 1 0 0 0.775837125315381 0
1 1 1 0 0 0 0.7886152310911583 0
1 1 1 1 0 0 0.8724216417377538 0
1 1 1 1 0 1 0.6822527921807456 0
1 1 1 1 0 0 0.7419385951114567 0
1 0 1 1 0 0 0.37037807094512903 0
1 1 1 1 0 0 0.901545926478595 2
1 1 1 1 0 0 0.8665909048733448 0
1 1 1 1 0 0 0.3064749203796268 0
1 1 1 1 0 1 0.9117216247625354 0
1 1 1 1 0 0 1.0000000235485718 0
1 1 1 1 0 0 0.7463237323266483 0
1 1 1 1 0 0 0.767902114984252 0
1 1 1 1 0 0 0.7490913559947369 0
1 1 1 1 0 1 0.5524858167479377 0
1 1 1 0 0 0 0.28398986173241436 0
1 1 1 1 0 0 0.37050258296335703 0
1 1 1 1 0 0 0.4084452066661828 0
1 1 1 1 0 0 0.8640540360978123 0
1 1 1 1 0 0 0.6243421940419357 0
1 1 1 1 0 0 0.8163162651573849 0
1 1 1 1 0 0 0.4472168110838986 0
1 1 1 1 0 0 0.7281840695696726 0
1 1 1 1 0 0 0.687046123298572 0
1 1 1 1 0 0 0.8032793047330188 0
1 1 1 1 0 0 0.8484612239266407 0
1 1 1 1 0 0 0.6540853982014703 0
1 1 1 1 0 0 0.6501088615411328 0
1 1 1 1 0 0 0.7942819353106215 0
1 1 1 1 0 1 0.47887063015746495 0
1 1 1 1 0 0 0.6264343883492999 0
1 1 1 1 0 1 0.500114876993786 0
1 1 1 1 0 0 0.7309544141641717 0
1 1 1 1 0 1 0.8099568491566331 0
1 1 1 1 0 0 0.8757789875784544 0
1 1 1 1 0 1 0.7750033549649669 0
1 1 1 1 0 0 0.6209131069821924 0
1 1 1 1 0 0 0.693887776099936 0
1 1 1 1 0 1 0.2212728977929355 2
1 1 1 1 0 0 0.5446595018152395 0
1 1 1 1 0 0 0.8279313188306584 0
1 1 1 1 0 0 0.6624694727528253 0
1 1 1 1 1 0 0.8702553271007212 0
1 1 1 1 0 1 0.4910685974429465 0
1 1 1 1 0 0 0.9999999212746552 0
1 1 1 1 0 0 0.47174099078492115 0
1 1 1 1 0 1 0.9999999426017335 2
1 1 1 1 0 0 0.86379706525179 0
1 1 1 1 0 1 0.47795475584791836 2
1 1 1 1 0 1 0.8099775804261451 0
1 1 1 1 0 0 0.872329992090965 0
1 1 1 1 0 0 0.3175977154114875 0
1 1 1 1 0 1 0.7228247937789625 0
1 1 1 0 0 0 0.7875068986550267 0
1 1 1 1 0 0 0.7313250881876765 0
1 1 1 1 0 0 0.675790443405698 0
1 1 1 1 0 1 0.79159258220636 0
1 1 1 1 1 1 0.8073240772523806 0
1 1 1 1 0 0 0.5931798374343239 0
1 1 1 1 0 0 0.8603295010377562 2
1 1 1 1 0 0 0.865973163489693 0
1 1 1 0 0 0 0.8489727115592871 0
1 1 1 1 0 0 0.6753551268808693 0
1 1 1 1 0 0 0.571384867518141 0
1 1 1 1 0 0 0.8433194723624051 0
1 1 1 1 0 0 0.6971754081791883 0
1 1 1 1 0 1 0.44284872468691905 0
1 1 1 0 0 0 0.2415047024690362 0
1 1 1 1 0 1 0.5048055880560979 0
1 1 1 1 0 0 0.4998183891218589 0
1 1 1 1 0 0 0.7966589282441263 2
1 1 1 1 0 0 0.7977579313098677 0
1 1 1 0 0 0 0.681142354818637 2
1 1 1 1 0 0 0.4319481516193684 0
1 1 1 1 0 1 0.8337806148868178 2
1 1 1 1 0 0 0.7583570191299986 0
1 1 1 1 0 0 0.8065560361237106 0
1 1 1 1 0 0 0.8271466421410177 0
1 1 1 1 0 0 0.8467129940511102 0
1 1 1 1 0 0 0.6659606797595883 0
1 1 1 1 0 0 0.632653588582601 0
1 1 1 0 0 0 0.2980189902673464 0
1 1 1 1 0 0 1.0000000473556536 0
1 1 1 1 0 0 0.8721028424356337 2
1 1 1 1 0 0 0.519414088646158 0
1 1 1 1 0 0 0.7920558616685252 0
1 1 1 1 0 1 0.7988200877089064 0
1 1 1 0 0 0 0.7512100662173793 0
1 1 1 0 0 0 0.5781913551385534 0
1 1 1 1 0 0 0.8317324371354616 0
1 1 1 0 0 0 0.8100685960318751 0
1 1 1 1 0 0 0.8160789119256113 0
1 1 1 1 0 0 0.6669742739098847 0
1 1 1 1 0 0 0.8474585221757491 0
1 1 1 1 0 0 0.7952137784935059 0
1 1 1 1 0 0 0.4833711901673824 0
1 1 1 1 0 0 0.6754520048525381 0
1 1 1 1 0 1 0.8081285649570208 0
1 1 1 1 0 0 0.6099317304599868 0
1 1 1 0 0 0 0.8966162202995992 0
1 1 1 0 0 0 1.0000000253333778 0
1 1 1 1 0 0 0.8825605340581234 0
1 1 1 1 0 0 0.8140730148938511 0
1 1 1 0 0 0 0.6962669237392651 0
1 1 1 1 0 0 0.6689689125602113 0
1 1 1 1 0 0 0.5234610541795987 0
1 1 1 1 0 0 0.8279746974097494 2
1 1 1 1 0 0 0.30041657632027774 0
1 0 1 1 0 1 0 2
1 1 1 1 0 0 0.5511122244984321 0
1 1 1 1 0 0 0.7364481488977781 0
1 1 1 1 0 0 0.5403776317069171 0
1 1 1 1 0 0 0.8576438416698838 0
1 1 1 1 0 0 0.8279429952313656 0
1 1 1 1 0 0 0.8666941435406048 0
1 1 1 1 1 1 1.0000000537966518 0
1 1 1 1 0 0 0.8415269792409916 0
1 0 1 1 0 0 0.5282649958609587 0
1 1 1 1 0 0 0.8124456165718884 2
1 1 1 1 0 0 0.8158195515266968 0
1 1 1 0 0 0 0.853615905368108 0
1 1 1 1 0 0 0.791395802049798 0
1 1 1 1 0 0 0.3249525063612376 2
1 1 1 1 0 0 0.874963482206947 0
1 1 1 1 0 0 0.7992894896972847 0
1 1 1 1 0 0 0.6243874371712947 0
1 1 1 1 0 0 0.8203922370186064 0
1 1 1 1 0 0 0.8378364951803041 0
1 1 1 1 0 0 0.8202833067546832 0
1 1 1 1 0 0 0.6653968759141885 0
1 1 1 0 0 0 0.514535131492784 0
1 1 1 0 0 0 0.8631208377607136 0
1 1 1 0 0 0 0.7903171918431782 0
1 1 1 1 0 0 0.7538186469246195 0
1 1 1 1 0 0 0.7014296261496883 0
1 1 1 1 0 1 0.8925091776411157 0
1 1 1 0 0 0 0.8850341445887161 0
1 1 1 1 0 0 0.3851770983079637 0
1 1 1 0 0 0 0.1885728270471957 0
1 1 1 1 0 0 0.8749889665545149 0
1 1 1 1 0 0 0.8568012046330159 0
1 1 1 1 0 0 0.7555618831270551 0
1 1 1 1 0 0 0.7712640832905207 0
1 1 1 1 0 0 0.7624132899747355 0
1 1 1 1 0 0 0.7377306543480457 0
1 1 1 1 0 1 0.8074913248226959 0
1 1 1 1 0 0 0.5315197596137 0
1 1 1 1 0 0 0.6242274879530337 0
1 0 1 1 0 1 0.3771750115453101 0
1 1 1 1 0 0 0.8554760561027692 0
1 1 1 1 0 0 0.6048900621249477 0
1 1 1 1 0 0 0.7522371813866744 0
1 1 1 0 0 0 0.8331391598837966 2
1 1 1 1 0 0 0.7799774317234152 0
1 1 1 1 0 1 0.7159252474491303 0
1 1 1 1 0 0 0.8434754429676729 0
1 1 1 1 0 0 0.6797375045271966 0
1 1 1 1 0 1 0.7870182277502042 0
1 1 1 1 0 0 0.7931656210164236 0
1 1 1 1 0 0 0.6126066250909639 0
1 1 1 1 0 0 0.6013578710960146 0
1 1 1 1 0 0 0.9226200398931953 0
1 1 1 1 0 1 0.7820907330855748 0
1 1 1 1 0 0 0.8697764084391274 0
1 1 1 1 1 1 1.000000022330682 0
1 1 1 1 0 0 0.40602120836100736 0
1 1 1 1 0 1 0.7396625722428584 0
1 1 1 1 0 0 0.7011789277045647 0
1 1 1 1 0 0 0.8481058483245686 0
1 1 1 1 0 0 0.8039823219306164 0
1 1 1 1 0 1 0.7377006997820366 0
1 1 1 1 0 0 0.5656841438609027 0
1 1 1 0 0 0 0.8406650231564331 0
1 1 1 1 0 0 0.42752386581691093 2
1 1 1 1 0 0 0.5409360279180483 0
1 1 1 1 0 0 0.8490759595671391 0
1 1 1 1 0 0 0.8234370683250481 0
1 1 1 1 0 0 0.4185632350556383 0
1 1 1 1 0 0 0.7924874793444445 0
1 1 1 1 0 0 0.6849719189152464 0
1 1 1 1 0 0 0.4648896528653773 0
1 1 1 1 0 0 0.7688644012425381 0
1 1 1 1 0 0 0.8399742128380833 0
1 1 1 1 0 0 0.8312426607735622 0
1 1 1 1 0 0 0.7120971410580736 0
1 1 1 0 0 0 0.7693172431504961 2
1 1 1 1 0 1 0.8526363817289337 0
1 1 1 1 0 0 0.7160414346532638 0
1 1 1 1 0 0 0.8252601916511455 0
1 1 1 1 0 0 0.7954554085032602 0
1 1 1 1 0 0 0.7941519808024141 0
1 1 1 1 0 1 0.8096642625433361 0
1 1 1 1 0 0 0.8889231291694845 0
1 1 1 0 0 0 0.5077406344093784 0
1 1 1 1 0 0 0 0
1 1 1 1 0 0 0.7794455250826646 0
1 1 1 1 0 0 0.8276486009082653 2
1 1 1 1 0 0 0.8631434181969079 0
1 1 1 1 0 0 0.9999999820582323 0
1 1 1 1 0 1 0.4969787195475497 0
1 1 1 0 0 0 0.8654942127525111 0
1 1 1 1 0 0 0.9999999670492203 0
1 1 1 1 0 1 1.000000000806862 0
1 1 1 1 1 0 0.9172842824227401 0
1 1 1 1 0 0 0.7716148115779732 0
1 1 1 1 0 0 0.9999999212746552 0
1 1 1 1 0 0 0.8795117724204262 0
1 1 1 1 0 0 0.5058798790891299 0
1 1 1 1 0 0 0.8060283388543903 0
1 1 1 1 0 0 0.6476367930694327 0
1 1 1 1 0 0 0.46817297294159593 0
1 1 1 1 0 0 0.7412264969170415 0
1 1 1 1 0 0 0.80974637639975 0
1 1 1 1 0 0 0.47876584045938886 0
1 1 1 0 0 0 0.8339489765425739 0
1 1 1 1 1 0 0.7884752029158998 0
1 1 1 1 0 0 0.4999239154790509 0
1 1 1 1 0 0 0.40282901246514424 0
1 1 1 1 0 0 0.8598813179456184 0
1 1 1 0 1 0 1.0000000103134357 0
1 1 1 1 0 0 0.8333046062675891 0
1 1 1 1 0 0 0.7072897699069244 0
1 0 1 1 0 0 0.5085863758636088 0
1 1 1 1 0 0 0.5389237266126594 0
1 1 1 1 0 0 0.5902753300426193 2
1 1 1 1 0 0 0.7252004748311986 0
1 1 1 1 0 0 0.7729257460908402 0
1 1 1 1 0 0 0.8919100078298934 0
1 1 1 1 0 0 0.8681766544616669 0
1 1 1 0 0 0 0.897761937345129 0
1 1 1 1 0 1 0.34868259660022927 0
1 1 1 1 0 0 0.8148481394375483 0
1 1 1 1 0 0 0.7629688601107576 0
1 1 1 1 0 0 0.41999979789359965 0
1 1 1 1 0 1 0.7330706295638273 0
1 1 1 1 0 0 0.7190599075726127 0
1 1 1 0 0 0 0.8963643725453256 0
1 1 1 1 0 0 0.6376961099815027 0
1 1 1 1 0 0 0.6075579300871553 0
1 1 1 1 0 0 0.8552806559108472 0
1 1 1 1 0 0 0.785941327989454 0
1 1 1 0 0 0 0.632653588582601 0
1 1 1 1 0 0 0.6842832467841741 0
1 1 1 1 0 0 0.22177087437456375 2
1 1 1 1 0 0 0.8437222846469039 0
1 1 1 1 0 0 0.49555417950651864 0
1 1 1 1 0 0 0.7366228705416534 0
1 1 1 1 0 0 0.7516112789938507 0
1 1 1 1 0 0 0.8375000956809638 0
1 1 1 1 0 0 0.5829822880048474 0
1 1 1 1 0 0 0.7048705356127943 0
1 1 1 1 0 0 0.35042868607150585 0
1 1 1 1 0 0 0.6353025987809969 0
1 1 1 0 0 0 0.39911578440326306 0
1 1 1 1 0 0 0.28967727353710004 0
1 1 1 1 0 1 0.530567081811709 0
1 1 1 0 1 0 0.7816245996586088 0
1 1 1 0 0 0 0.7346959584775712 0
1 1 1 1 0 0 0.8344378199636652 0
1 1 1 1 0 1 0.8658957223384433 0
1 1 1 0 0 0 0.865213858201942 0
1 1 1 1 0 0 0.772472750220868 0
1 1 1 1 0 0 0.7542749898115529 2
1 1 1 1 0 0 0.8854240866343455 2
1 1 1 1 0 0 0.6392732815111888 0
1 1 1 1 0 0 0.4846304762779021 0
1 1 1 1 0 0 0.7419389476686858 0
1 1 1 1 0 0 0.33802797148835784 0
1 1 1 1 0 0 0.8261234470198271 0
1 1 1 1 0 0 0.7869088478844021 0
1 1 1 1 0 1 0.4228472217274409 2
1 1 1 1 0 0 0.8225466654811451 0
1 1 1 1 0 0 0.592133090995913 0
1 1 1 1 0 0 0.804749574966038 0
1 1 1 1 0 0 0.740361164359005 0
1 1 1 0 0 0 0 0
1 1 1 1 0 0 0.7716672440845727 0
1 1 1 1 0 0 0.6033256035360295 0
1 1 1 1 0 0 0.8122149563779428 0
1 1 1 1 0 0 0.518659228398256 0
1 1 1 1 0 0 0.7721185122227763 0
1 1 1 1 0 0 0.5691197045596692 0
1 1 1 1 1 0 0.8423742497229605 2
1 1 1 0 0 0 0.4979959806850136 0
1 1 1 1 0 0 0.8476714173994131 0
1 1 1 1 0 0 0.7314665258163036 0
1 1 1 1 0 0 0.6984990301427196 0
1 1 1 1 0 0 0.761564700506854 0
1 1 1 1 0 1 0.8411112583928445 0
1 1 1 1 0 1 0.728607992089491 0
1 1 1 1 0 0 0.3913714682262174 2
1 1 1 1 0 0 0.816976029042931 0
1 1 1 1 0 0 0.8477038282001907 0
1 1 1 0 0 0 0.8836992818626604 0
1 1 1 1 0 0 0.48049235690849307 0
1 1 1 0 0 0 0.6508084044585837 0
1 1 1 1 0 0 0.8218293280846883 0
1 1 1 1 0 0 0.7497559318501694 0
1 1 1 1 0 0 0.4989422528476462 0
1 1 1 1 0 0 0.8327633959184323 2
1 1 1 1 0 0 0.35954994409949054 0
1 1 1 1 0 0 0.4081452059311825 0
1 1 1 1 0 0 0.3693617453752657 0
1 1 1 1 0 0 0.17682270052315874 0
1 1 1 1 0 0 0.7889416943264861 0
1 1 1 1 0 0 0.8134307629982463 0
1 1 1 1 0 0 0.6803760907241336 0
1 1 1 1 0 0 0.7045299539731086 0
1 1 1 1 0 0 0.6031851402226782 0
1 1 1 1 0 1 0.7250208077510062 0
1 1 1 1 0 1 0.8251214381301993 0
1 1 1 0 0 0 1.0000000413607886 0
1 1 1 1 0 0 0.7549830669173351 2
1 1 1 1 0 0 0.19930622972477022 0
1 1 1 1 0 0 0.4979959806850136 0
1 1 1 1 0 0 0.6733544668815892 0
1 1 1 1 0 0 0.7281121796881193 0
1 1 1 1 0 1 0 0
1 1 1 1 0 0 0.691637959787988 0
1 1 1 1 0 0 0.7587572360258381 0
1 1 1 1 0 0 0.7273528961182448 0
1 1 1 1 1 0 0.7722245809473532 0
1 1 1 1 0 0 0.7780567356817786 0
1 1 1 0 0 0 0.7566307807749973 0
1 1 1 1 0 0 0.7053476726417044 0
1 1 1 1 0 0 0.6290701790620392 0
1 1 1 1 0 0 0.8318862225664944 0
1 1 1 1 0 0 0.7244928872149357 0
1 1 1 1 0 0 0.8408422640142543 0
1 1 1 1 0 0 0.6188963601301777 0
1 1 1 0 0 0 0.5897201428067501 0
1 1 1 1 0 0 0.8737490606389345 0
1 1 1 1 1 0 1.0000000033632346 0
1 1 1 1 0 0 0.7774004858001305 0
1 1 1 1 0 0 0.7112052185167184 0
1 1 1 1 0 0 0.48337620310916835 0
1 1 1 1 0 0 0.47774183688959815 0
1 1 1 1 0 1 0.1927969453795679 0
1 1 1 1 0 0 0.3875352124982924 0
1 1 1 1 0 0 0.24354926439330615 0
1 1 1 0 0 0 0.8191376367226411 0
1 1 1 1 0 1 0.7986377939079805 0
1 1 1 0 0 0 0.36880274400450375 0
1 1 1 1 0 0 0.7072961312362485 0
1 1 1 1 0 0 0.8040167400334656 0
1 1 1 1 0 0 0.8327382444032209 0
1 1 1 1 0 0 0.7510532342194944 2
1 1 1 0 0 0 0.7127473652198754 0
1 1 1 0 0 0 0.8164566774831854 2
1 1 1 0 0 0 0.4423449323520008 0
1 1 1 1 0 0 0.5637223543061586 0
1 1 1 1 0 1 0.7952959325310633 0
1 1 1 1 0 0 0.5078495387183362 0
1 1 1 0 0 0 0.7660051398122315 0
1 1 1 1 0 0 0.5015941300364928 0
1 1 1 1 0 0 0.9999999963809558 0
1 1 1 1 0 0 0.8964676330760608 0
1 1 1 1 0 0 0.7201854208692113 0
1 1 1 1 0 0 0.6089169902962016 0
1 1 1 0 0 0 0.7319454929668419 0
1 1 1 1 0 0 0.40282901246514424 0
1 1 1 1 0 0 0.8920245559589992 0
1 1 1 1 0 0 0.7693685646555596 0
1 1 1 1 0 0 0.7323090121855828 0
1 1 1 1 0 0 0.5177103252028421 2
1 1 1 1 0 0 0.7167110373698067 0
1 1 1 1 0 0 0.46557576031045655 0
1 1 1 0 0 0 0.999999953814596 0
1 1 1 1 0 0 0.8347483186848587 0
1 1 1 1 0 1 0.8071437313167551 0
1 1 1 1 0 1 0.7620846076266389 0
1 1 1 1 0 0 0.546940755003047 0
1 0 1 1 0 0 0.5085863758636088 2
1 1 1 1 0 0 0.7821415083936111 0
1 1 1 1 0 0 0.7443292507541401 0
